"date","countrycode2","population","cases","deaths","cases_prev_week","deaths_prev_week","cases_infected","cum_deaths","cases_contagious","cases_active","p_cases_infected","p_cases","p_cases_contagious","p_cases_active"
"2020/01/06","AE",9770526,0,0,0,0,0,0,0,0,0,0,0,0
"2020/01/13","AE",9770526,0,0,0,0,0,0,0,0,0,0,0,0
"2020/01/20","AE",9770526,0,0,0,0,0,0,0,0,0,0,0,0
"2020/01/27","AE",9770526,1,0,1,0,1,0,1,1,1.02348635068368e-07,1.02348635068368e-07,1.02348635068368e-07,1.02348635068368e-07
"2020/02/03","AE",9770526,4,0,5,0,5,0,5,5,5.11743175341839e-07,4.09394540273471e-07,5.11743175341839e-07,5.11743175341839e-07
"2020/02/10","AE",9770526,2,0,7,0,7,0,7,7,7.16440445478575e-07,2.04697270136736e-07,7.16440445478575e-07,7.16440445478575e-07
"2020/02/17","AE",9770526,2,0,9,0,9,0,9,9,9.21137715615311e-07,2.04697270136736e-07,9.21137715615311e-07,9.21137715615311e-07
"2020/02/24","AE",9770526,4,0,13,0,13,0,13,13,1.33053225588878e-06,4.09394540273471e-07,1.33053225588878e-06,1.33053225588878e-06
"2020/03/02","AE",9770526,8,0,21,0,21,0,21,21,2.14932133643572e-06,8.18789080546943e-07,2.14932133643572e-06,2.14932133643572e-06
"2020/03/16","AE",9770526,77,0,98,0,98,0,98,98,1.00301662367e-05,7.88084490026433e-06,1.00301662367e-05,1.00301662367e-05
"2020/03/23","AE",9770526,55,2,152,2,153,2,153,153,1.56593411654603e-05,5.62917492876023e-06,1.56593411654603e-05,1.56593411654603e-05
"2020/03/30","AE",9770526,417,1,565,3,570,3,570,570,5.83387219889697e-05,4.26793808235094e-05,5.83387219889697e-05,5.83387219889697e-05
"2020/04/06","AE",9770526,1213,7,1776,10,1783,10,1783,1783,0.0001824876163269,0.00012414889433793,0.0001824876163269,0.0001824876163269
"2020/04/13","AE",9770526,2199,12,3973,22,3982,22,3982,3982,0.000407552264842241,0.000225064648515341,0.000407552264842241,0.000407552264842241
"2020/04/20","AE",9770526,2961,19,6930,41,6943,41,6943,6943,0.000710606573279678,0.000303054308437437,0.000710606573279678,0.000710606573279678
"2020/04/27","AE",9770526,3406,35,10328,76,10349,76,10348,10349,0.00105920602432254,0.000348599451042861,0.00105910367568747,0.00105920602432254
"2020/05/04","AE",9770526,3814,50,14065,126,14163,126,14158,14163,0.00144956371847329,0.000390357694150755,0.00144905197529795,0.00144956371847329
"2020/05/11","AE",9770526,4035,72,18045,196,18198,198,18191,18198,0.00186254046097416,0.000412976742500864,0.00186182402052868,0.00186254046097416
"2020/05/18","AE",9770526,5160,22,22788,217,23358,220,23349,23358,0.00239065941792694,0.000528118956952778,0.00238973828021132,0.00239065941792694
"2020/05/25","AE",9770526,6127,25,27702,235,29485,245,29472,29485,0.00301774950499083,0.00062709008706389,0.00301641897273494,0.00301774950499083
"2020/06/01","AE",9770526,5072,19,30575,242,34557,264,34536,34557,0.00353686178205759,0.000519112277066762,0.00353471246072115,0.00353686178205759
"2020/06/08","AE",9770526,4251,12,31865,235,38808,276,38710,38807,0.00397194582973322,0.000435084047675632,0.00396191566349652,0.00397184348109815
"2020/06/15","AE",9770526,3486,13,31945,213,42294,289,42141,42289,0.00432873317158155,0.00035678734184833,0.00431307383041609,0.00432822142840621
"2020/06/22","AE",9770526,2631,13,30762,176,44925,302,44355,44918,0.00459801243044643,0.000269279258864876,0.00453967370845746,0.00459729599000095
"2020/06/29","AE",9770526,2872,11,29599,115,47797,313,46014,47788,0.00489195771036278,0.000293945279916353,0.00470947009403588,0.00489103657264716
"2020/07/06","AE",9770526,3743,10,28182,103,51540,323,47558,51527,0.00527504865142368,0.000383090941060901,0.00486749638658144,0.00527371811916779
"2020/07/13","AE",9770526,3314,10,25369,88,54854,333,47911,54833,0.00561423202804025,0.000339183376616571,0.00490362545476057,0.00561208270670382
"2020/07/20","AE",9770526,2068,6,22365,75,56922,339,46573,56824,0.00582588900536164,0.000211656977321385,0.0047666829810391,0.00581585883912494
"2020/07/27","AE",9770526,1991,5,20105,68,58913,344,44750,58760,0.00602966513778276,0.00020377613242112,0.00458010141930946,0.0060140057966173
"2020/08/03","AE",9770526,2086,7,18705,62,60999,351,42801,60429,0.00624316439053537,0.000213499252752615,0.00438062392956121,0.0061848256685464
"2020/08/10","AE",9770526,1526,6,17600,55,62525,357,39167,60742,0.0063993484076497,0.000156184017114329,0.00400868898972276,0.0062168607913228
"2020/08/17","AE",9770526,1787,7,16515,51,64312,364,34827,60330,0.00658224541851687,0.000182897010867173,0.00356449591352605,0.00617469315367463
"2020/08/24","AE",9770526,2695,11,15467,52,67007,375,32450,60064,0.00685807499002613,0.000275829571509251,0.00332121320796854,0.00614746841674645
"2020/08/31","AE",9770526,2683,7,14836,49,69690,382,30882,59341,0.00713267637791456,0.000274601387888431,0.00316073054818134,0.00607347035359202
"2020/09/07","AE",9770526,4294,6,17062,49,73984,388,31690,59821,0.00757216141689813,0.000439485038983572,0.00324342824531658,0.00612259769842483
"2020/09/14","AE",9770526,5505,11,20576,55,79489,399,34564,61291,0.00813559065294949,0.000563429236051365,0.00353757822250307,0.00627305019197533
"2020/09/21","AE",9770526,5427,5,23917,53,84916,404,37119,61558,0.00869103669546553,0.000555446042516032,0.00379907898510275,0.00630037727753859
"2020/09/28","AE",9770526,6553,8,28944,55,91469,412,39929,61984,0.00936172730106854,0.000670690605603015,0.00408667864964486,0.00634397779607771
"2020/10/05","AE",9770526,7332,14,34489,62,98801,426,43947,64244,0.0101121474933898,0.000750420192321273,0.00449791546534956,0.00657528571133223
"2020/10/12","AE",9770526,7428,19,39222,70,106229,445,49307,67421,0.0108723931546777,0.000760245661287837,0.00504650414931601,0.00690044732494443
"2020/10/19","AE",9770526,9373,18,45912,81,115602,463,56689,73308,0.0118317069111735,0.000959313756495812,0.00580204177339071,0.00750297373959191
"2020/10/26","AE",9770526,9521,14,51139,89,125123,477,64124,80198,0.0128061682656594,0.00097446135448593,0.00656300387512402,0.00820815583521297
"2020/11/02","AE",9770526,8784,19,54418,97,133907,496,71382,86110,0.0137051986760999,0.000899030410440543,0.00730585026845024,0.00881324096573716
"2020/11/09","AE",9770526,8236,18,57227,110,142143,514,77831,90603,0.014548142034523,0.000842943358423078,0.00796589661600614,0.00927309338309933
"2020/11/16","AE",9770526,8202,16,58876,118,150345,530,83338,95491,0.0153876055393538,0.000839463504830753,0.00852953054932764,0.00977337351131352
"2020/11/23","AE",9770526,8645,22,60189,126,158990,552,89300,102068,0.0162724094895198,0.00088480395016604,0.00913973311160525,0.0104465204841582
"2020/11/30","AE",9770526,8763,18,61524,125,167753,570,93769,108840,0.0171692905786239,0.000896881089104108,0.00959712916172579,0.0111396254408412
"2020/12/07","AE",9770526,8676,22,60827,129,176429,592,96940,115430,0.0180572673364771,0.00088797675785316,0.00992167668352758,0.0118141029459417
"2020/12/14","AE",9770526,8520,25,59826,140,184949,617,100033,122424,0.0189292777072596,0.000872010370782494,0.010238241011794,0.0125299292996099
