"date","countrycode2","population","cases","deaths","cases_prev_week","deaths_prev_week","cases_infected","cum_deaths","cases_contagious","cases_active","p_cases_infected","p_cases","p_cases_contagious","p_cases_active"
"2020/01/06","AU",25203200,0,0,0,0,0,0,0,0,0,0,0,0
"2020/01/13","AU",25203200,0,0,0,0,0,0,0,0,0,0,0,0
"2020/01/20","AU",25203200,0,0,0,0,0,0,0,0,0,0,0,0
"2020/01/27","AU",25203200,4,0,4,0,4,0,4,4,1.5871000507872e-07,1.5871000507872e-07,1.5871000507872e-07,1.5871000507872e-07
"2020/02/03","AU",25203200,7,0,11,0,11,0,11,11,4.3645251396648e-07,2.7774250888776e-07,4.3645251396648e-07,4.3645251396648e-07
"2020/02/10","AU",25203200,3,0,14,0,14,0,14,14,5.55485017775521e-07,1.1903250380904e-07,5.55485017775521e-07,5.55485017775521e-07
"2020/02/17","AU",25203200,1,0,15,0,15,0,15,15,5.95162519045201e-07,3.967750126968e-08,5.95162519045201e-07,5.95162519045201e-07
"2020/02/24","AU",25203200,7,0,22,0,22,0,22,22,8.72905027932961e-07,2.7774250888776e-07,8.72905027932961e-07,8.72905027932961e-07
"2020/03/02","AU",25203200,7,1,29,1,29,1,29,29,1.15064753682072e-06,2.7774250888776e-07,1.15064753682072e-06,1.15064753682072e-06
"2020/03/09","AU",25203200,51,2,80,3,80,3,80,80,3.1742001015744e-06,2.02355256475368e-06,3.1742001015744e-06,3.1742001015744e-06
"2020/03/16","AU",25203200,218,2,294,5,298,5,298,298,1.18238953783647e-05,8.64969527679025e-06,1.18238953783647e-05,1.18238953783647e-05
"2020/03/23","AU",25203200,1411,2,1698,7,1709,7,1709,1709,6.78088496698832e-05,5.59849542915185e-05,6.78088496698832e-05,6.78088496698832e-05
"2020/03/30","AU",25203200,2384,9,4079,16,4093,16,4093,4093,0.0001624000126968,9.45911630269172e-05,0.0001624000126968,0.0001624000126968
"2020/04/06","AU",25203200,1651,20,5729,36,5744,36,5744,5744,0.000227907567293042,6.55075545962417e-05,0.000227907567293042,0.000227907567293042
"2020/04/13","AU",25203200,578,25,6300,61,6322,61,6322,6322,0.000250841163026917,2.29335957338751e-05,0.000250841163026917,0.000250841163026917
"2020/04/20","AU",25203200,290,9,6583,69,6612,70,6608,6612,0.000262347638395124,1.15064753682072e-05,0.000262188928390046,0.000262347638395124
"2020/04/27","AU",25203200,101,13,6633,80,6713,83,6702,6713,0.000266355066023362,4.00742762823768e-06,0.000265918613509396,0.000266355066023362
"2020/05/04","AU",25203200,88,12,6503,90,6801,95,6787,6801,0.000269846686135094,3.49162011173184e-06,0.000269291201117318,0.000269846686135094
"2020/05/11","AU",25203200,140,2,5232,90,6941,97,6926,6941,0.000275401536312849,5.55485017775521e-06,0.000274806373793804,0.000275401536312849
"2020/05/18","AU",25203200,104,1,2952,82,7045,98,7023,7045,0.000279527996444896,4.12646013204672e-06,0.000278655091416963,0.000279527996444896
"2020/05/25","AU",25203200,64,4,1365,66,7109,102,7080,7109,0.000282067356526155,2.53936008125952e-06,0.000280916708989335,0.000282067356526155
"2020/06/01","AU",25203200,86,0,873,41,7195,102,7115,7191,0.000285479621635348,3.41226510919248e-06,0.000282305421533773,0.000285320911630269
"2020/06/08","AU",25203200,65,0,648,32,7260,102,6962,7249,0.000288058659217877,2.5790375825292e-06,0.000276234763839512,0.000287622206703911
"2020/06/15","AU",25203200,60,0,607,19,7320,102,5611,7306,0.000290439309294058,2.3806500761808e-06,0.000222630459624175,0.000289883824276282
"2020/06/22","AU",25203200,141,0,660,7,7461,102,3368,7446,0.000296033836973083,5.59452767902489e-06,0.000133633824276282,0.000295438674454038
"2020/06/29","AU",25203200,225,2,745,7,7686,104,1942,7664,0.000304961274758761,8.92743778567801e-06,7.70537074657186e-05,0.000304088369730828
"2020/07/06","AU",25203200,763,0,1404,6,8449,104,2127,8420,0.000335235208227527,3.02739334687659e-05,8.43940452006094e-05,0.000334084560690706
"2020/07/13","AU",25203200,1348,4,2688,6,9797,108,3185,9717,0.000388720479939055,5.34852717115287e-05,0.000126372841543931,0.000385546279837481
"2020/07/20","AU",25203200,2005,14,4607,20,11802,122,5089,11504,0.000468273869984764,7.95533900457085e-05,0.000201918803961402,0.000456449974606399
"2020/07/27","AU",25203200,2601,33,7143,53,14403,155,7602,12694,0.000571475050787202,0.000103201180802438,0.000301628364652108,0.000503666201117318
"2020/08/03","AU",25203200,3520,53,10603,106,17923,208,10982,13830,0.000711139855256475,0.000139664804469274,0.000435738318943626,0.000548739842559675
"2020/08/10","AU",25203200,3161,87,13623,193,21084,295,14039,15340,0.000836560436769934,0.000125420581513459,0.000557032440325038,0.000608652869476892
"2020/08/17","AU",25203200,2204,101,15602,292,23288,396,16179,16966,0.000924009649568309,8.74492127983748e-05,0.000641942293042153,0.000673168486541392
"2020/08/24","AU",25203200,1524,106,16363,398,24812,502,17617,18200,0.000984478161503301,6.04685119349924e-05,0.000698998539867953,0.000722130523108177
"2020/08/31","AU",25203200,858,109,15873,503,25670,611,18410,18957,0.00101852145759269,3.40432960893855e-05,0.00073046279837481,0.000752166391569325
"2020/09/07","AU",25203200,609,142,14477,631,26279,753,18959,19478,0.00104268505586592,2.41635982732351e-05,0.000752245746571864,0.000772838369730828
"2020/09/14","AU",25203200,372,57,12248,655,26651,810,19190,19710,0.00105744508633824,1.4760030472321e-05,0.00076141124936516,0.000782043550025394
"2020/09/21","AU",25203200,247,39,8975,641,26898,849,19212,19853,0.00106724542915185,9.80034281361097e-06,0.000762284154393093,0.000787717432706958
"2020/09/28","AU",25203200,142,23,5956,577,27040,872,18591,19931,0.00107287963433215,5.63420518029457e-06,0.000737644426104622,0.000790812277805993
"2020/10/05","AU",25203200,96,22,3848,498,27136,894,17339,19941,0.00107668867445404,3.80904012188928e-06,0.000687968194514982,0.00079120905281869
"2020/10/12","AU",25203200,128,4,2452,396,27264,898,15462,20004,0.00108176739461656,5.07872016251905e-06,0.000613493524631793,0.00079370873539868
"2020/10/19","AU",25203200,126,6,1720,293,27390,904,12987,20070,0.00108676675977654,4.99936515997969e-06,0.000515291708989335,0.000796327450482478
"2020/10/26","AU",25203200,130,1,1241,152,27520,905,9597,20059,0.00109192483494159,5.15807516505841e-06,0.000380784979685119,0.000795890997968512
"2020/11/02","AU",25203200,75,2,944,97,27595,907,6511,19909,0.00109490064753682,2.975812595226e-06,0.000258340210766887,0.00078993937277806
"2020/11/09","AU",25203200,63,0,760,58,27658,907,4370,19209,0.00109740033011681,2.49968257998984e-06,0.000173390680548502,0.000762165121889284
"2020/11/16","AU",25203200,67,0,685,35,27725,907,2913,17928,0.00110005872270188,2.65839258506856e-06,0.000115580561198578,0.000711338242762824
"2020/11/23","AU",25203200,96,0,685,13,27821,907,2151,16019,0.00110386776282377,3.80904012188928e-06,8.53463052310818e-05,0.000635593892839005
"2020/11/30","AU",25203200,72,0,629,9,27893,907,1614,13490,0.00110672454291519,2.85678009141696e-06,6.40394870492636e-05,0.000535249492127984
"2020/12/07","AU",25203200,72,1,575,4,27965,908,1314,10042,0.0011095813230066,2.85678009141696e-06,5.21362366683596e-05,0.000398441467750127
"2020/12/14","AU",25203200,66,0,511,3,28031,908,1133,6947,0.0011122000380904,2.61871508379888e-06,4.49546089385475e-05,0.000275639601320467
"2020/12/21","AU",25203200,167,0,603,1,28198,908,1158,4910,0.00111882618080244,6.62614271203657e-06,4.59465464702895e-05,0.000194816531234129
"2020/12/28","AU",25203200,114,0,654,1,28312,908,1176,3500,0.00112334941594718,4.52323514474352e-06,4.66607414931437e-05,0.00013887125444388
"2021/01/04","AU",25203200,192,1,779,2,28504,909,1240,2834,0.00113096749619096,7.61808024377857e-06,4.92001015744032e-05,0.000112446038598273
"2021/01/11","AU",25203200,110,0,793,2,28614,909,1224,2335,0.00113533202133062,4.3645251396648e-06,4.85652615540884e-05,9.26469654647029e-05
"2021/01/18","AU",25203200,94,0,815,2,28708,909,1188,2057,0.00113906170644997,3.72968511934992e-06,4.71368715083799e-05,8.16166201117318e-05
