"date","countrycode2","population","cases","deaths","cases_prev_week","deaths_prev_week","cases_infected","cum_deaths","cases_contagious","cases_active","p_cases_infected","p_cases","p_cases_contagious","p_cases_active"
"2020/01/06","AZ",10047719,0,0,0,0,0,0,0,0,0,0,0,0
"2020/01/13","AZ",10047719,0,0,0,0,0,0,0,0,0,0,0,0
"2020/01/20","AZ",10047719,0,0,0,0,0,0,0,0,0,0,0,0
"2020/01/27","AZ",10047719,0,0,0,0,0,0,0,0,0,0,0,0
"2020/02/03","AZ",10047719,0,0,0,0,0,0,0,0,0,0,0,0
"2020/02/10","AZ",10047719,0,0,0,0,0,0,0,0,0,0,0,0
"2020/02/17","AZ",10047719,0,0,0,0,0,0,0,0,0,0,0,0
"2020/02/24","AZ",10047719,0,0,0,0,0,0,0,0,0,0,0,0
"2020/03/02","AZ",10047719,3,0,3,0,3,0,3,3,2.98575228865377e-07,2.98575228865377e-07,2.98575228865377e-07,2.98575228865377e-07
"2020/03/16","AZ",10047719,16,0,19,0,19,0,19,19,1.89097644948072e-06,1.59240122061535e-06,1.89097644948072e-06,1.89097644948072e-06
"2020/03/23","AZ",10047719,46,1,65,1,65,1,65,65,6.46912995874984e-06,4.57815350926912e-06,6.46912995874984e-06,6.46912995874984e-06
"2020/03/30","AZ",10047719,144,3,209,4,209,4,209,209,2.0800740944288e-05,1.43316109855381e-05,2.0800740944288e-05,2.0800740944288e-05
"2020/04/06","AZ",10047719,375,3,584,7,584,7,584,584,5.81226445524601e-05,3.73219036081722e-05,5.81226445524601e-05,5.81226445524601e-05
"2020/04/13","AZ",10047719,514,4,1098,11,1098,11,1098,1098,0.000109278533764728,5.1155889212268e-05,0.000109278533764728,0.000109278533764728
"2020/04/20","AZ",10047719,300,8,1398,19,1398,19,1398,1398,0.000139136056651266,2.98575228865377e-05,0.000139136056651266,0.000139136056651266
"2020/04/27","AZ",10047719,247,2,1642,21,1645,21,1645,1645,0.000163718750494515,2.45826938432494e-05,0.000163718750494515,0.000163718750494515
"2020/05/04","AZ",10047719,287,4,1913,25,1932,25,1932,1932,0.000192282447389303,2.85636968947878e-05,0.000192282447389303,0.000192282447389303
"2020/05/11","AZ",10047719,587,7,2454,31,2519,32,2519,2519,0.000250703667170628,5.84212197813255e-05,0.000250703667170628,0.000250703667170628
"2020/05/18","AZ",10047719,755,7,3065,35,3274,39,3274,3274,0.000325845099768415,7.51414325977866e-05,0.000325845099768415,0.000325845099768415
"2020/05/25","AZ",10047719,848,10,3538,42,4122,49,4122,4122,0.000410242364461028,8.43972646926133e-05,0.000410242364461028,0.000410242364461028
"2020/06/01","AZ",10047719,1372,14,4396,52,5494,63,5491,5494,0.000546790769128794,0.000136548404667766,0.000546492193899929,0.000546790769128794
"2020/06/08","AZ",10047719,2059,25,6155,69,7553,88,7534,7553,0.000751712901206732,0.000204922132077937,0.000749821924757251,0.000751712901206732
"2020/06/15","AZ",10047719,2404,31,8312,98,9957,119,9892,9957,0.000990971184604187,0.000239258283397456,0.000984502054645437,0.000990971184604187
"2020/06/22","AZ",10047719,2772,35,10797,129,12729,154,12520,12729,0.0012668546960758,0.000275883511471609,0.00124605395513151,0.0012668546960758
"2020/06/29","AZ",10047719,3695,44,13905,166,16424,198,15840,16424,0.00163459985296165,0.000367745156885856,0.00157647720840919,0.00163459985296165
"2020/07/06","AZ",10047719,3900,52,17050,211,20324,250,19226,20324,0.00202274765048664,0.00038814779752499,0.00191346911672191,0.00202274765048664
"2020/07/13","AZ",10047719,3717,56,19919,257,24041,306,22643,24038,0.00239268235905085,0.000369934708564202,0.00225354630239958,0.00239238378382198
"2020/07/20","AZ",10047719,3480,48,22027,291,27521,354,25876,27502,0.00273902962453468,0.000346347265483838,0.00257531087404017,0.0027371386480852
"2020/07/27","AZ",10047719,2529,63,22497,329,30050,417,28118,29985,0.0029907285424682,0.000251698917933513,0.00279844609507889,0.00298425941250945
"2020/08/03","AZ",10047719,2393,45,22486,343,32443,462,29924,32234,0.00322889205002648,0.000238163507558283,0.00297818838285585,0.00320809130908219
"2020/08/10","AZ",10047719,1125,28,20839,336,33568,490,30294,32984,0.003340857760851,0.000111965710824516,0.00301501266108258,0.00328273511629854
"2020/08/17","AZ",10047719,651,16,17795,308,34219,506,30097,33121,0.00340564858551478,6.47908246637869e-05,0.00299540622105375,0.00329637005175005
"2020/08/24","AZ",10047719,1055,12,14950,268,35274,518,29780,33876,0.00351064754099911,0.000104998955484324,0.00296385677187031,0.00337151148434784
"2020/08/31","AZ",10047719,1035,13,12268,225,36309,531,28756,34664,0.00361365599495766,0.000103008453958555,0.00286194309375093,0.00344993724446315
"2020/09/07","AZ",10047719,1020,17,9808,194,37329,548,27372,35397,0.00371517157277189,0.000101515577814228,0.0027242003881677,0.00352288912538259
"2020/09/14","AZ",10047719,998,14,8277,145,38327,562,25598,35808,0.00381449759890777,9.93260261358822e-05,0.00254764290283198,0.00356379393173714
"2020/09/21","AZ",10047719,861,13,6745,113,39188,575,22764,35914,0.00390018868959214,8.56910906843633e-05,0.00226558883663048,0.00357434358982372
"2020/09/28","AZ",10047719,835,11,6455,96,40023,586,19699,35901,0.003983292128293,8.31034387008633e-05,0.00196054447780636,0.00357304976383197
"2020/10/05","AZ",10047719,668,10,6472,90,40691,596,16650,35197,0.00404977487925369,6.64827509606907e-05,0.00165709252020284,0.0035029841101249
"2020/10/12","AZ",10047719,1291,13,6708,91,41982,609,14461,34429,0.00417826175274209,0.000128486873488401,0.00143923212820741,0.00342654885153536
"2020/10/19","AZ",10047719,2982,17,8655,95,44964,626,14914,35007,0.00447504553023428,0.000296783777492185,0.00148431698776608,0.00348407434563009
"2020/10/26","AZ",10047719,4995,45,12630,123,49959,671,17516,37230,0.00497217328629513,0.000497127756060853,0.00174328123626865,0.00370531859021933
"2020/11/02","AZ",10047719,6485,69,18117,178,56444,740,22876,40020,0.00561759340602579,0.000645420119730657,0.00227673564517479,0.00398299355306413
"2020/11/09","AZ",10047719,8967,100,26223,265,65411,840,31192,45087,0.0065100347651044,0.000892441359078613,0.00310438617958962,0.00448728711461776
"2020/11/16","AZ",10047719,10277,127,35665,381,75688,967,40414,51647,0.00753285397412089,0.00102281920901649,0.00402220643312179,0.00514017161507005
"2020/11/23","AZ",10047719,17406,164,52403,535,93094,1131,56785,65573,0.00926518745199781,0.00173233347787692,0.00565153145704015,0.00652615782746313
"2020/11/30","AZ",10047719,25101,230,76213,752,118195,1361,80866,88145,0.0117633663919144,0.00249817893991661,0.00804819481914253,0.00877263784944623
"2020/12/07","AZ",10047719,28484,271,101715,1006,146679,1632,108352,114236,0.0145982386649149,0.00283487227300047,0.0107837410660071,0.0113693466148884
"2020/12/14","AZ",10047719,29195,290,125915,1251,175874,1922,136686,142306,0.0175038732671565,0.00290563460224156,0.0136036845775643,0.0141630155063055
