"date","countrycode2","population","cases","deaths","cases_prev_week","deaths_prev_week","cases_infected","cum_deaths","cases_contagious","cases_active","p_cases_infected","p_cases","p_cases_contagious","p_cases_active"
"2020/03/16","BA",3300998,18,0,18,0,18,0,18,18,5.4528963664928e-06,5.4528963664928e-06,5.4528963664928e-06,5.4528963664928e-06
"2020/03/23","BA",3300998,107,1,125,1,125,1,125,125,3.78673358784222e-05,3.24144395119294e-05,3.78673358784222e-05,3.78673358784222e-05
"2020/03/30","BA",3300998,198,5,323,6,323,6,323,323,9.7849195909843e-05,5.99818600314208e-05,9.7849195909843e-05,9.7849195909843e-05
"2020/04/06","BA",3300998,340,18,663,24,663,24,663,663,0.000200848349499151,0.000102999153589308,0.000200848349499151,0.000200848349499151
"2020/04/13","BA",3300998,344,14,1007,38,1007,38,1007,1007,0.000305059257836569,0.000104210908337418,0.000305059257836569,0.000305059257836569
"2020/04/20","BA",3300998,262,8,1269,46,1269,46,1269,1269,0.000384429193837742,7.9369936001173e-05,0.000384429193837742,0.000384429193837742
"2020/04/27","BA",3300998,247,12,1516,58,1516,58,1516,1516,0.000459255049533505,7.48258556957623e-05,0.000459255049533505,0.000459255049533505
"2020/05/04","BA",3300998,341,18,1839,76,1857,76,1857,1857,0.000562557141809841,0.000103302092276336,0.000562557141809841,0.000562557141809841
"2020/05/11","BA",3300998,260,31,1992,106,2117,107,2117,2117,0.000641321200436959,7.87640586271182e-05,0.000641321200436959,0.000641321200436959
"2020/05/18","BA",3300998,172,25,1966,126,2289,132,2289,2289,0.000693426654605668,5.2105454168709e-05,0.000693426654605668,0.000693426654605668
"2020/05/25","BA",3300998,111,11,1737,119,2400,143,2400,2400,0.000727052848865707,3.36261942600389e-05,0.000727052848865707,0.000727052848865707
"2020/06/01","BA",3300998,109,9,1502,114,2509,152,2509,2509,0.000760073165751691,3.30203168859842e-05,0.000760073165751691,0.000760073165751691
"2020/06/08","BA",3300998,164,7,1404,113,2673,159,2655,2673,0.000809755110424181,4.968194467249e-05,0.000804302214057688,0.000809755110424181
"2020/06/15","BA",3300998,328,4,1485,105,3001,163,2876,3001,0.000909118999769161,9.93638893449799e-05,0.000871251663890738,0.000909118999769161
"2020/06/22","BA",3300998,430,6,1574,93,3431,169,3108,3431,0.00103938263519093,0.000130263635421772,0.00094153343928109,0.00103938263519093
"2020/06/29","BA",3300998,784,13,2098,75,4215,182,3552,4215,0.0012768865658204,0.000237503930629464,0.00107603821632125,0.0012768865658204
"2020/07/06","BA",3300998,1178,11,3104,61,5393,193,4386,5393,0.00163374833913865,0.000356861773318251,0.00132868908130208,0.00163374833913865
"2020/07/13","BA",3300998,1491,27,4484,77,6884,220,5615,6884,0.00208542992149647,0.00045168158235782,0.00170100072765873,0.00208542992149647
"2020/07/20","BA",3300998,1568,30,5943,98,8452,250,6936,8434,0.0025604377827554,0.000475007861258928,0.00210118273322189,0.0025549848863889
"2020/07/27","BA",3300998,1617,33,7396,124,10069,283,8212,9944,0.00305028963967867,0.00048985185692327,0.00248773249786883,0.00301242230380024
"2020/08/03","BA",3300998,2039,60,9107,180,12108,343,9991,11785,0.00366798162252749,0.000617691982848823,0.00302666042209053,0.00357013242661765
"2020/08/10","BA",3300998,2217,59,10894,233,14325,402,12036,13662,0.00433959669166719,0.000671615069139697,0.00364617003706152,0.00413874834216804
"2020/08/17","BA",3300998,1210,67,11320,287,15535,469,13135,14528,0.00470615250297031,0.000366555811303127,0.00397909965410461,0.00440109324513374
"2020/08/24","BA",3300998,2365,60,12507,336,17900,529,15391,16631,0.00542260249779006,0.000716449994819748,0.00466252933203837,0.00503817330395232
"2020/08/31","BA",3300998,1889,63,12905,372,19789,592,17116,18273,0.00599485367758478,0.000572251179794717,0.0051850985671606,0.00553559862805127
"2020/09/07","BA",3300998,1353,47,12690,389,21142,639,18141,19285,0.00640472972113282,0.000409876043548042,0.00549561072136366,0.00584217257932298
"2020/09/14","BA",3300998,2320,50,13393,406,23462,689,20031,21345,0.00710754747503634,0.000702817753903516,0.0060681648398454,0.00646622627459938
"2020/09/21","BA",3300998,1962,68,13316,414,25424,757,21209,23135,0.00770191317898405,0.000594365703947715,0.00642502661316366,0.00700848652437838
"2020/09/28","BA",3300998,1493,53,12592,408,26917,810,21524,24517,0.00815420063871593,0.000452287459731875,0.00652045229957728,0.00742714778985022
"2020/10/05","BA",3300998,1058,61,12440,402,27975,871,21091,25466,0.00847470976959089,0.000320509130874966,0.00638927984809442,0.0077146366038392
"2020/10/12","BA",3300998,2670,50,12745,392,30645,921,22193,27972,0.00928355606395399,0.000808846294363099,0.00672311828119859,0.00847380095352981
"2020/10/19","BA",3300998,3475,63,14331,392,34120,984,24051,31119,0.0103362680013741,0.00105271193742014,0.00728597836169546,0.00942714900160497
"2020/10/26","BA",3300998,6774,102,19752,447,40894,1086,28786,37463,0.0123883746672976,0.00205210666592346,0.0087203930447701,0.0113489920321067
"2020/11/02","BA",3300998,10611,162,28043,559,51505,1248,37180,47290,0.0156028570753451,0.00321448240804751,0.0112632603836779,0.0143259705095247
"2020/11/09","BA",3300998,10918,262,36999,753,62423,1510,46888,57030,0.01891034166031,0.00330748458496491,0.0142041891573397,0.0172765933211714
"2020/11/16","BA",3300998,8477,347,43983,1047,70900,1857,53000,64016,0.0214783529102411,0.00256801124993108,0.016055750412451,0.0193929229887446
"2020/11/23","BA",3300998,9107,419,52032,1405,80007,2276,60218,71555,0.0242372155329994,0.00275886262275833,0.0182423618554146,0.021676777750244
"2020/11/30","BA",3300998,7367,344,56729,1699,87374,2620,66232,77305,0.0264689648403301,0.00223174930733069,0.0200642351191973,0.0234186752006514
"2020/12/07","BA",3300998,7133,332,60387,1968,94507,2952,71045,82399,0.0286298264948964,0.00216086165456629,0.0215222790198601,0.0249618448723689
"2020/12/14","BA",3300998,6610,384,60223,2250,101117,3336,75693,86792,0.0306322512161474,0.00200242472125097,0.0229303380371633,0.0262926545244802
"2020/12/21","BA",3300998,4407,289,54019,2377,105524,3625,78607,89989,0.031967302009877,0.00133505079372965,0.0238131013711611,0.0272611495069067
"2020/12/28","BA",3300998,4167,328,47268,2443,109691,3953,81716,91791,0.0332296475187201,0.00126234550884308,0.0247549377491292,0.02780704502093
"2021/01/04","BA",3300998,2954,178,41745,2274,112645,4131,82000,92856,0.034124528400199,0.000894880881478874,0.024840972336245,0.0281296747226142
"2021/01/11","BA",3300998,3113,227,35751,2082,115758,4358,81638,94616,0.0350675765329152,0.000943048132716227,0.0247313085315411,0.0286628468117824
"2021/01/18","BA",3300998,2325,128,30709,1866,118083,4486,77189,94621,0.0357719089802538,0.000704332447338653,0.0233835343129563,0.0286643615052175
