"date","countrycode2","population","cases","deaths","cases_prev_week","deaths_prev_week","cases_infected","cum_deaths","cases_contagious","cases_active","p_cases_infected","p_cases","p_cases_contagious","p_cases_active"
"2020/01/06","BH",1641164,0,0,0,0,0,0,0,0,0,0,0,0
"2020/01/13","BH",1641164,0,0,0,0,0,0,0,0,0,0,0,0
"2020/01/20","BH",1641164,0,0,0,0,0,0,0,0,0,0,0,0
"2020/01/27","BH",1641164,0,0,0,0,0,0,0,0,0,0,0,0
"2020/02/03","BH",1641164,0,0,0,0,0,0,0,0,0,0,0,0
"2020/02/10","BH",1641164,0,0,0,0,0,0,0,0,0,0,0,0
"2020/02/17","BH",1641164,0,0,0,0,0,0,0,0,0,0,0,0
"2020/02/24","BH",1641164,1,0,1,0,1,0,1,1,6.09323626401749e-07,6.09323626401749e-07,6.09323626401749e-07,6.09323626401749e-07
"2020/03/02","BH",1641164,46,0,47,0,47,0,47,47,2.86382104408822e-05,2.80288868144805e-05,2.86382104408822e-05,2.86382104408822e-05
"2020/03/09","BH",1641164,32,0,79,0,79,0,79,79,4.81365664857382e-05,1.9498356044856e-05,4.81365664857382e-05,4.81365664857382e-05
"2020/03/16","BH",1641164,135,0,214,0,214,0,214,214,0.000130395256049974,8.22586895642361e-05,0.000130395256049974,0.000130395256049974
"2020/03/23","BH",1641164,120,2,334,2,334,2,334,334,0.000203514091218184,7.31188351682099e-05,0.000203514091218184,0.000203514091218184
"2020/03/30","BH",1641164,166,2,500,4,500,4,500,500,0.000304661813200874,0.00010114772198269,0.000304661813200874,0.000304661813200874
"2020/04/06","BH",1641164,200,0,700,4,700,4,700,700,0.000426526538481224,0.00012186472528035,0.000426526538481224,0.000426526538481224
"2020/04/13","BH",1641164,436,2,1135,6,1136,6,1136,1136,0.000692191639592387,0.000265665101111163,0.000692191639592387,0.000692191639592387
"2020/04/20","BH",1641164,737,1,1826,7,1873,7,1873,1873,0.00114126315225048,0.000449071512658089,0.00114126315225048,0.00114126315225048
"2020/04/27","BH",1641164,774,1,2568,8,2647,8,2647,2647,0.00161287963908543,0.000471616486834954,0.00161287963908543,0.00161287963908543
"2020/05/04","BH",1641164,736,0,3169,8,3383,8,3383,3383,0.00206134182811712,0.000448462189031687,0.00206134182811712,0.00206134182811712
"2020/05/11","BH",1641164,1558,0,4607,6,4941,8,4941,4941,0.00301066803805104,0.000949326209933925,0.00301066803805104,0.00301066803805104
"2020/05/18","BH",1641164,2015,4,6456,8,6956,12,6955,6956,0.00423845514525057,0.00122778710719952,0.00423784582162416,0.00423845514525057
"2020/05/25","BH",1641164,2182,2,8438,10,9138,14,9091,9138,0.00556799929805918,0.00132954415280862,0.0055393610876183,0.00556799929805918
"2020/06/01","BH",1641164,2260,5,10262,13,11398,19,11319,11398,0.00694507069372714,0.00137707139566795,0.0068969341272414,0.00694507069372714
"2020/06/08","BH",1641164,3365,7,12890,19,14763,26,14549,14763,0.00899544469656902,0.00205037400284189,0.00886504944051905,0.00899544469656902
"2020/06/15","BH",1641164,3781,17,15897,35,18544,43,18210,18544,0.011299297327994,0.00230385263142501,0.0110957832367758,0.011299297327994
"2020/06/22","BH",1641164,3220,20,18381,55,21764,63,21264,21764,0.0132613194050077,0.00196202207701363,0.0129566575918068,0.0132613194050077
"2020/06/29","BH",1641164,3941,20,20764,75,25705,83,25005,25704,0.015662663816657,0.00240134441164929,0.0152361372781757,0.0156620544930306
"2020/07/06","BH",1641164,3662,14,22411,85,29367,97,28231,29320,0.0178940069365402,0.0022313431198832,0.0172018152969478,0.0178653687260993
"2020/07/13","BH",1641164,3574,12,23803,95,32941,109,31068,32862,0.0200717295773,0.00217772264075985,0.0189304664250495,0.0200235930108143
"2020/07/20","BH",1641164,3481,17,25024,107,36422,126,33775,36208,0.0221927851208045,0.00212105554350449,0.0205799054817191,0.0220623898647545
"2020/07/27","BH",1641164,2709,14,24368,114,39131,140,35748,38797,0.0238434428247268,0.00165065770392234,0.0217821009966097,0.0236399287335087
"2020/08/03","BH",1641164,2405,7,22992,104,41536,147,36595,41036,0.025308866146223,0.00146542332149621,0.022298198108172,0.0250042043330222
"2020/08/10","BH",1641164,2475,15,22247,99,44011,162,37055,43311,0.0268169421215674,0.00150807597534433,0.0225784869763168,0.0263904155830862
"2020/08/17","BH",1641164,2419,8,20725,87,46430,170,37292,45294,0.0282908959738332,0.00147395385226583,0.022722896675774,0.0275987043342408
"2020/08/24","BH",1641164,2608,14,19671,87,49038,184,37640,47165,0.029880011991489,0.00158911601765576,0.0229349412977618,0.0287387488392385
"2020/08/31","BH",1641164,2536,5,18633,80,51574,189,36811,48927,0.0314252567080438,0.00154524471655484,0.0224298120114748,0.0298123770689584
"2020/09/07","BH",1641164,3197,9,18349,72,54771,198,36227,51388,0.0333732643416502,0.00194800763360639,0.0220739670136562,0.0313119225135331
"2020/09/14","BH",1641164,4815,14,20455,72,59586,212,37822,54645,0.0363071576027746,0.00293389326112442,0.023045838197767,0.0332964895647236
"2020/09/21","BH",1641164,4913,9,22963,74,64499,221,38794,57543,0.0393007645792864,0.00299360697651179,0.0236381007626295,0.0350623094340358
"2020/09/28","BH",1641164,4276,21,24764,80,68775,242,39408,59637,0.0419062324057803,0.00260546782649388,0.0240122254692401,0.0363382331077211
"2020/10/05","BH",1641164,3887,18,26232,90,72662,260,39721,61264,0.0442746733416039,0.0023684409358236,0.0242029437643039,0.0373296026478767
"2020/10/12","BH",1641164,2625,13,26249,89,75287,273,38865,60524,0.0458741478609085,0.00159947451930459,0.023681362740104,0.0368787031643395
"2020/10/19","BH",1641164,2615,27,26328,111,77902,300,38771,59358,0.047467529143949,0.00159338128304057,0.0236240863192222,0.036168231815955
"2020/10/26","BH",1641164,2353,12,25484,114,80255,312,38719,58491,0.0489012676368724,0.00143373849292332,0.0235924014906493,0.0356399482318647
"2020/11/02","BH",1641164,1668,9,22337,109,81923,321,37912,56218,0.0499176194457105,0.00101635180883812,0.0231006773241431,0.0342549556290535
"2020/11/09","BH",1641164,1533,8,18957,108,83456,329,37026,54089,0.0508517125649844,0.000934093119273881,0.0225608165911512,0.0329577056284442
"2020/11/16","BH",1641164,1247,6,15928,93,84703,335,35665,51762,0.0516115391271073,0.000759826562122981,0.0217315271356184,0.0315398095498073
"2020/11/23","BH",1641164,1002,3,13043,78,85705,338,34131,49283,0.0522220814007619,0.000610542273654553,0.0207968246927181,0.0300292962799574
"2020/11/30","BH",1641164,1082,3,11500,68,86787,341,32016,47656,0.0528813695645286,0.000659288163766692,0.0195081052228784,0.0290379267398017
"2020/12/07","BH",1641164,1143,0,10028,41,87930,341,28344,46394,0.0535778264695058,0.000696456904977199,0.0172706688667312,0.0282689603232827
"2020/12/14","BH",1641164,1213,7,8888,36,89143,348,24644,45132,0.0543169360283311,0.000739109558825322,0.0150161714490447,0.0274999939067637
"2020/12/21","BH",1641164,1139,1,8359,28,90282,349,21507,43852,0.0550109556388027,0.000694019610471592,0.0131047232330224,0.0267200596649695
"2020/12/28","BH",1641164,1451,2,8277,22,91733,351,19071,42695,0.0558950842207116,0.000884128581908938,0.0116204108791078,0.0260150722292227
"2021/01/04","BH",1641164,1745,1,8775,17,93478,352,18191,41904,0.0569583539487827,0.00106326972807105,0.0110842060878742,0.0255330972407389
"2021/01/11","BH",1641164,2080,4,9853,18,95558,356,17656,40787,0.0582257470916983,0.00126739314291564,0.0107582179477493,0.0248524827500481
"2021/01/18","BH",1641164,2049,4,10820,19,97607,360,17352,38021,0.0594742512021955,0.00124850411049718,0.0105729835653231,0.0231670935994209
