"date","countrycode2","population","cases","deaths","cases_prev_week","deaths_prev_week","cases_infected","cum_deaths","cases_contagious","cases_active","p_cases_infected","p_cases","p_cases_contagious","p_cases_active"
"2020/03/23","BJ",11801151,2,0,2,0,2,0,2,2,1.69474994430628e-07,1.69474994430628e-07,1.69474994430628e-07,1.69474994430628e-07
"2020/03/30","BJ",11801151,4,0,6,0,6,0,6,6,5.08424983291884e-07,3.38949988861256e-07,5.08424983291884e-07,5.08424983291884e-07
"2020/04/06","BJ",11801151,16,0,22,0,22,0,22,22,1.86422493873691e-06,1.35579995544502e-06,1.86422493873691e-06,1.86422493873691e-06
"2020/04/13","BJ",11801151,13,1,35,1,35,1,35,35,2.96581240253599e-06,1.10158746379908e-06,2.96581240253599e-06,2.96581240253599e-06
"2020/04/20","BJ",11801151,2,0,37,1,37,1,37,37,3.13528739696662e-06,1.69474994430628e-07,3.13528739696662e-06,3.13528739696662e-06
"2020/04/27","BJ",11801151,27,0,64,1,64,1,64,64,5.4231998217801e-06,2.28791242481348e-06,5.4231998217801e-06,5.4231998217801e-06
"2020/05/04","BJ",11801151,26,1,90,2,90,2,90,90,7.62637474937826e-06,2.20317492759816e-06,7.62637474937826e-06,7.62637474937826e-06
"2020/05/11","BJ",11801151,229,0,317,2,319,2,319,319,2.70312616116852e-05,1.94048868623069e-05,2.70312616116852e-05,2.70312616116852e-05
"2020/05/18","BJ",11801151,20,0,333,2,339,2,339,339,2.87260115559914e-05,1.69474994430628e-06,2.87260115559914e-05,2.87260115559914e-05
"2020/05/25","BJ",11801151,-148,1,169,3,191,3,191,191,1.6184861968125e-05,1.25411495878665e-05,1.6184861968125e-05,1.6184861968125e-05
"2020/06/01","BJ",11801151,41,0,197,2,232,3,232,232,1.96590993539528e-05,3.47423738582787e-06,1.96590993539528e-05,1.96590993539528e-05
"2020/06/08","BJ",11801151,36,1,231,3,268,4,268,268,2.27096492537042e-05,3.0505498997513e-06,2.27096492537042e-05,2.27096492537042e-05
"2020/06/15","BJ",11801151,202,3,406,6,470,7,468,470,3.98266236911976e-05,1.71169744374934e-05,3.9657148696767e-05,3.98266236911976e-05
"2020/06/22","BJ",11801151,295,6,675,11,765,13,759,765,6.48241853697152e-05,2.49975616785176e-05,6.43157603864233e-05,6.48241853697152e-05
"2020/06/29","BJ",11801151,384,3,830,14,1149,16,1127,1149,9.73633843003958e-05,3.25391989306806e-05,9.54991593616589e-05,9.73633843003958e-05
"2020/07/06","BJ",11801151,50,5,860,19,1199,21,1164,1199,0.000101600259161161,4.2368748607657e-06,9.86344467586255e-05,0.000101600259161161
"2020/07/13","BJ",11801151,179,5,1187,23,1378,26,1341,1378,0.000116768271162703,1.51680120015412e-05,0.000113632983765736,0.000116768271162703
"2020/07/20","BJ",11801151,224,5,1370,28,1602,31,1538,1602,0.000135749470538933,1.89811993762303e-05,0.000130326270717153,0.000135749470538933
"2020/07/27","BJ",11801151,168,4,1502,31,1770,35,1680,1768,0.000149985370071106,1.42358995321728e-05,0.000142358995321728,0.000149815895076675
"2020/08/03","BJ",11801151,35,1,1335,29,1805,36,1486,1799,0.000152951182473642,2.96581240253599e-06,0.000125919920861957,0.00015244275749035
"2020/08/10","BJ",11801151,131,2,1171,25,1936,38,1597,1914,0.000164051794608848,1.11006121352061e-05,0.000135325783052856,0.000162187569670111
"2020/08/17","BJ",11801151,127,1,914,23,2063,39,1872,2028,0.000174813456755193,1.07616621463449e-05,0.000158628594787068,0.000171847644352657
"2020/08/24","BJ",11801151,52,0,916,18,2115,39,1883,2078,0.000179219806610389,4.40634985519633e-06,0.000159560707256436,0.000176084519213422
"2020/08/31","BJ",11801151,30,1,767,14,2145,40,1877,2081,0.000181761931526849,2.54212491645942e-06,0.000159052282273144,0.000176338731705068
"2020/09/07","BJ",11801151,68,0,611,9,2213,40,1743,2123,0.00018752408133749,5.76214981064135e-06,0.000147697457646292,0.000179897706588112
"2020/09/14","BJ",11801151,54,0,497,5,2267,40,1502,1948,0.000192099906187117,4.57582484962696e-06,0.000127275720817402,0.000165068644575432
"2020/09/21","BJ",11801151,13,0,475,4,2280,40,1131,1941,0.000193201493650916,1.10158746379908e-06,9.58381093505201e-05,0.000164475482094924
"2020/09/28","BJ",11801151,60,0,404,2,2340,40,1141,2149,0.000198285743483835,5.08424983291884e-06,9.66854843226733e-05,0.00018210088151571
"2020/10/05","BJ",11801151,17,1,294,2,2357,41,979,2125,0.000199726280936495,1.44053745266034e-06,8.29580097737924e-05,0.000180067181582542
"2020/10/12","BJ",11801151,54,0,296,2,2411,41,809,2143,0.000204302105786122,4.57582484962696e-06,6.8552635247189e-05,0.000181592456532418
"2020/10/19","BJ",11801151,85,0,351,1,2496,41,726,2026,0.000211504793049424,7.20268726330169e-06,6.1519422978318e-05,0.000171678169358226
"2020/10/26","BJ",11801151,61,0,344,1,2557,41,752,1792,0.000216673780379558,5.16898733013415e-06,6.37225979059161e-05,0.000151849595009843
"2020/11/02","BJ",11801151,86,0,376,1,2643,41,707,1494,0.000223961205140075,7.287424760517e-06,5.9909410531227e-05,0.000126597820839679
"2020/11/09","BJ",11801151,102,2,465,3,2745,43,682,1546,0.000232604429856037,8.64322471596203e-06,5.77909731008441e-05,0.000131004170694875
"2020/11/16","BJ",11801151,99,0,504,3,2844,43,729,1466,0.000240993442080353,8.38901222431609e-06,6.17736354699639e-05,0.00012422517091765
"2020/11/23","BJ",11801151,72,0,559,2,2916,43,771,1314,0.000247094541879856,6.10109979950261e-06,6.53326103530071e-05,0.000111345071340923
"2020/11/30","BJ",11801151,58,0,563,2,2974,43,761,1204,0.000252009316718344,4.91477483848821e-06,6.4485235380854e-05,0.000102023946647238
"2020/12/07","BJ",11801151,81,1,559,3,3055,44,788,1250,0.000258873053992784,6.86373727444043e-06,6.67731478056674e-05,0.000105921871519143
"2020/12/14","BJ",11801151,35,0,533,3,3090,44,810,1154,0.00026183886639532,2.96581240253599e-06,6.86373727444043e-05,9.77870717864724e-05
