"date","countrycode2","population","cases","deaths","cases_prev_week","deaths_prev_week","cases_infected","cum_deaths","cases_contagious","cases_active","p_cases_infected","p_cases","p_cases_contagious","p_cases_active"
"2020/03/16","CG",5380504,1,0,1,0,1,0,1,1,1.85856194884345e-07,1.85856194884345e-07,1.85856194884345e-07,1.85856194884345e-07
"2020/03/23","CG",5380504,3,0,4,0,4,0,4,4,7.43424779537382e-07,5.57568584653036e-07,7.43424779537382e-07,7.43424779537382e-07
"2020/03/30","CG",5380504,15,0,19,0,19,0,19,19,3.53126770280256e-06,2.78784292326518e-06,3.53126770280256e-06,3.53126770280256e-06
"2020/04/06","CG",5380504,26,5,45,5,45,5,45,45,8.36352876979554e-06,4.83226106699298e-06,8.36352876979554e-06,8.36352876979554e-06
"2020/04/13","CG",5380504,25,0,70,5,70,5,70,70,1.30099336419042e-05,4.64640487210864e-06,1.30099336419042e-05,1.30099336419042e-05
"2020/04/20","CG",5380504,90,1,160,6,160,6,160,160,2.97369911814953e-05,1.67270575395911e-05,2.97369911814953e-05,2.97369911814953e-05
"2020/04/27","CG",5380504,40,2,200,8,200,8,200,200,3.71712389768691e-05,7.43424779537382e-06,3.71712389768691e-05,3.71712389768691e-05
"2020/05/04","CG",5380504,29,2,228,10,229,10,229,229,4.25610686285151e-05,5.38982965164602e-06,4.25610686285151e-05,4.25610686285151e-05
"2020/05/11","CG",5380504,58,0,283,10,287,10,287,287,5.33407279318071e-05,1.0779659303292e-05,5.33407279318071e-05,5.33407279318071e-05
"2020/05/18","CG",5380504,125,5,393,15,412,15,412,412,7.65727522923503e-05,2.32320243605432e-05,7.65727522923503e-05,7.65727522923503e-05
"2020/05/25","CG",5380504,75,1,442,11,487,16,487,487,9.05119669086762e-05,1.39392146163259e-05,9.05119669086762e-05,9.05119669086762e-05
"2020/06/01","CG",5380504,124,4,541,15,611,20,611,611,0.000113558135074335,2.30461681656588e-05,0.000113558135074335,0.000113558135074335
"2020/06/08","CG",5380504,72,2,523,16,683,22,682,683,0.000126939781106008,1.33816460316729e-05,0.000126753924911124,0.000126939781106008
"2020/06/15","CG",5380504,96,3,579,17,779,25,775,779,0.000144781975814905,1.78421947088972e-05,0.000144038551035368,0.000144781975814905
"2020/06/22","CG",5380504,234,3,784,18,1013,28,994,1013,0.000188272325417842,4.34903496029368e-05,0.000184741057715039,0.000188272325417842
"2020/06/29","CG",5380504,232,12,958,30,1245,40,1200,1245,0.00023139096263101,4.31186372131681e-05,0.000223027433861214,0.00023139096263101
"2020/07/06","CG",5380504,312,4,1145,29,1557,44,1487,1557,0.000289378095434926,5.79871328039158e-05,0.000276368161793022,0.000289378095434926
"2020/07/13","CG",5380504,546,3,1616,31,2103,47,1943,2103,0.000390855577841778,0.000101477482406853,0.000361118586660283,0.000390855577841778
"2020/07/20","CG",5380504,530,2,2022,29,2633,49,2433,2632,0.000489359361130482,9.85037832887031e-05,0.000452188122153612,0.000489173504935597
"2020/07/27","CG",5380504,405,2,2355,29,3038,51,2809,3034,0.000564631120058641,7.52717589281599e-05,0.000522070051430126,0.000563887695279104
"2020/08/03","CG",5380504,349,5,2608,31,3387,56,3100,3368,0.000629494932073278,6.48638120146366e-05,0.000576154204141471,0.000625963664370475
"2020/08/10","CG",5380504,277,2,2651,30,3664,58,3252,3619,0.000680977098056242,5.14821659829637e-05,0.000604404345763891,0.000672613569286446
"2020/08/17","CG",5380504,171,18,2590,36,3835,76,3348,3765,0.000712758507381465,3.17814093252231e-05,0.000622246540472788,0.00069974857373956
"2020/08/24","CG",5380504,15,1,2293,33,3850,77,3239,3690,0.00071554635030473,2.78784292326518e-06,0.000601988215230395,0.000685809359123235
"2020/08/31","CG",5380504,129,1,1876,31,3979,78,3296,3779,0.00073952179944481,2.39754491400806e-05,0.000612582018338802,0.000702350560467941
"2020/09/07","CG",5380504,649,4,1995,33,4628,82,3849,4399,0.000860142469924751,0.00012062067047994,0.000715360494109845,0.000817581401296235
"2020/09/14","CG",5380504,306,6,1896,37,4934,88,3921,4647,0.00091701446555936,5.68719956346097e-05,0.000728742140141518,0.000863673737627553
"2020/09/21","CG",5380504,52,1,1599,33,4986,89,3741,4574,0.000926678987693346,9.66452213398596e-06,0.000695288025062336,0.000850106235400996
"2020/09/28","CG",5380504,22,0,1344,31,5008,89,3451,4521,0.000930767823980802,4.0888362874556e-06,0.000641389728545876,0.000840255857072126
"2020/10/05","CG",5380504,81,0,1254,13,5089,89,2986,4478,0.000945822175766434,1.5054351785632e-05,0.000554966597924655,0.000832264040692099
"2020/10/12","CG",5380504,29,1,1268,13,5118,90,2485,4435,0.00095121200541808,5.38982965164602e-06,0.000461852644287598,0.000824272224312072
"2020/10/19","CG",5380504,38,2,1177,14,5156,92,2118,4377,0.000958274540823685,7.06253540560513e-06,0.000393643420765044,0.00081349256500878
"2020/10/26","CG",5380504,97,0,625,10,5253,92,1866,4240,0.000976302591727466,1.80280509037815e-05,0.000346807659654189,0.000788030266309625
"2020/11/02","CG",5380504,37,0,356,4,5290,92,1626,4045,0.000983179270938187,6.87667921072078e-06,0.000302202172881946,0.000751788308307177
"2020/11/09","CG",5380504,89,0,393,3,5379,92,1544,3822,0.000999720472282894,1.65412013447067e-05,0.000286961964901429,0.000710342376847968
"2020/11/16","CG",5380504,0,0,371,3,5379,92,1529,3276,0.000999720472282894,0,0.000284174121978164,0.000608864894441116
"2020/11/23","CG",5380504,253,0,543,3,5632,92,1653,2999,0.00104674208958863,4.70216173057394e-05,0.000307220290143823,0.000557382728458152
"2020/11/30","CG",5380504,142,2,656,4,5774,94,1146,2736,0.00107313366926221,2.6391579673577e-05,0.00021299119933746,0.000508502549203569
"2020/12/07","CG",5380504,0,0,618,2,5774,94,840,2387,0.00107313366926221,0,0.00015611920370285,0.000443638737188933
"2020/12/14","CG",5380504,426,6,947,8,6200,100,1214,2536,0.00115230840828294,7.91747390207311e-05,0.000225629420589595,0.0004713313102267
"2020/12/21","CG",5380504,0,0,910,8,6200,100,1192,2365,0.00115230840828294,0,0.00022154058430214,0.000439549900901477
"2020/12/28","CG",5380504,371,0,1192,8,6571,100,1482,2721,0.00122126105658503,6.89526483020921e-05,0.0002754388808186,0.000505714706280304
"2021/01/04","CG",5380504,536,8,1728,16,7107,108,1989,3128,0.00132087997704304,9.96189204580091e-05,0.000369667971624963,0.000581358177598232
"2021/01/11","CG",5380504,110,0,1585,16,7217,108,2061,2589,0.00134132415848032,2.0444181437278e-05,0.000383049617656636,0.00048118168855557
"2021/01/18","CG",5380504,492,6,1935,20,7709,114,2456,2775,0.00143276540636342,9.14412478830979e-05,0.000456462814635952,0.000515750940804059
