"date","countrycode2","population","cases","deaths","cases_prev_week","deaths_prev_week","cases_infected","cum_deaths","cases_contagious","cases_active","p_cases_infected","p_cases","p_cases_contagious","p_cases_active"
"2020/03/16","CI",25716554,4,0,4,0,4,0,4,4,1.55541835037463e-07,1.55541835037463e-07,1.55541835037463e-07,1.55541835037463e-07
"2020/03/23","CI",25716554,21,0,25,0,25,0,25,25,9.72136468984141e-07,8.16594633946679e-07,9.72136468984141e-07,9.72136468984141e-07
"2020/03/30","CI",25716554,140,1,165,1,165,1,165,165,6.41610069529533e-06,5.44396422631119e-06,6.41610069529533e-06,6.41610069529533e-06
"2020/04/06","CI",25716554,96,2,261,3,261,3,261,261,1.01491047361944e-05,3.7330040408991e-06,1.01491047361944e-05,1.01491047361944e-05
"2020/04/13","CI",25716554,313,2,574,5,574,5,574,574,2.23202533278759e-05,1.21711485916815e-05,2.23202533278759e-05,2.23202533278759e-05
"2020/04/20","CI",25716554,273,4,847,9,847,9,847,847,3.29359835691827e-05,1.06157302413068e-05,3.29359835691827e-05,3.29359835691827e-05
"2020/04/27","CI",25716554,303,5,1150,14,1150,14,1150,1150,4.47182775732705e-05,1.17822940040878e-05,4.47182775732705e-05,4.47182775732705e-05
"2020/05/04","CI",25716554,248,3,1394,17,1398,17,1398,1398,5.43618713455932e-05,9.64359377232268e-06,5.43618713455932e-05,5.43618713455932e-05
"2020/05/11","CI",25716554,302,4,1675,21,1700,21,1700,1700,6.61052798909216e-05,1.17434085453284e-05,6.61052798909216e-05,6.61052798909216e-05
"2020/05/18","CI",25716554,409,6,1944,26,2109,27,2109,2109,8.20094325235022e-05,1.59041526325806e-05,8.20094325235022e-05,8.20094325235022e-05
"2020/05/25","CI",25716554,267,3,2115,27,2376,30,2376,2376,9.23918500122528e-05,1.03824174887506e-05,9.23918500122528e-05,9.23918500122528e-05
"2020/06/01","CI",25716554,457,3,2259,28,2833,33,2833,2833,0.000110162504665283,1.77706546530301e-05,0.000110162504665283,0.000110162504665283
"2020/06/08","CI",25716554,906,3,2892,27,3739,36,3735,3739,0.000145392730301268,3.52302256359853e-05,0.000145237188466231,0.000145392730301268
"2020/06/15","CI",25716554,1345,9,3934,31,5084,45,5059,5084,0.000197693672332615,5.23009420313468e-05,0.000196721535863631,0.000197693672332615
"2020/06/22","CI",25716554,2408,6,6094,34,7492,51,7327,7492,0.000291329857025168,9.36361846925525e-05,0.000284913756329872,0.000291329857025168
"2020/06/29","CI",25716554,1452,15,7244,45,8944,66,8683,8944,0.000347791543143766,5.64616861185989e-05,0.000337642438407572,0.000347791543143766
"2020/07/06","CI",25716554,1828,8,8663,47,10772,74,10198,10772,0.000418874161755887,7.10826186121204e-05,0.000396553908428011,0.000418874161755887
"2020/07/13","CI",25716554,1994,10,10390,54,12766,84,11919,12766,0.000496411766522062,7.75376047661751e-05,0.000463475782952879,0.000496411766522062
"2020/07/20","CI",25716554,1353,8,11286,59,14119,92,12969,14115,0.000549023792223484,5.26120257014217e-05,0.000504305514650213,0.000548868250388446
"2020/07/27","CI",25716554,1477,4,11857,60,15596,96,14198,15571,0.000606457614811067,5.74338225875831e-05,0.000552095743465474,0.000605485478342083
"2020/08/03","CI",25716554,586,6,11098,57,16182,102,14482,16017,0.000629244493644055,2.27868788329883e-05,0.000563139213753134,0.00062282839294876
"2020/08/10","CI",25716554,533,3,9223,54,16715,105,14606,16454,0.000649970443162797,2.07259495187419e-05,0.000567961010639295,0.000639821338426603
"2020/08/17","CI",25716554,311,5,8082,44,17026,110,14650,16452,0.00066206382083696,1.20933776741627e-05,0.000569671970824707,0.000639743567509084
"2020/08/24","CI",25716554,445,3,6699,39,17471,113,14638,16624,0.000679367849984877,1.73040291479177e-05,0.000569205345319595,0.000646431866415695
"2020/08/31","CI",25716554,477,2,5182,31,17948,115,14209,16798,0.000697916213813095,1.85483638282174e-05,0.000552523483511827,0.000653197936239824
"2020/09/07","CI",25716554,640,4,4469,27,18588,119,13504,17190,0.000722802907419089,2.4886693605994e-05,0.000525109235086474,0.000668441036073496
"2020/09/14","CI",25716554,425,1,3417,24,19013,120,11521,17313,0.000739329227391819,1.65263199727304e-05,0.000447999370366652,0.000673223947500898
"2020/09/21","CI",25716554,307,0,3138,18,19320,120,10376,17211,0.000751267063230945,1.19378358391253e-05,0.000403475520087178,0.000669257630707442
"2020/09/28","CI",25716554,309,0,2914,15,19629,120,8857,17253,0.000763282669987589,1.2015606756644e-05,0.000344408508231702,0.000670890819975336
"2020/10/05","CI",25716554,253,0,2856,10,19882,120,7116,17049,0.000773120691053708,9.83802106611951e-06,0.000276708924531646,0.000662958186388425
"2020/10/12","CI",25716554,272,0,2683,7,20154,120,6035,16415,0.000783697535836256,1.05768447825475e-05,0.000234673743612772,0.000638304805534987
"2020/10/19","CI",25716554,169,1,2375,6,20323,121,4727,15239,0.000790269178366588,6.5716425303328e-06,0.000183811563555521,0.000592575506033973
"2020/10/26","CI",25716554,147,1,1882,3,20470,122,4288,12978,0.000795985340804215,5.71616243762675e-06,0.00016674084716016,0.000504655483779048
"2020/11/02","CI",25716554,246,4,1703,6,20716,126,4001,11772,0.000805551163659019,9.56582285480395e-06,0.000155580720496222,0.000457759620515253
"2020/11/09","CI",25716554,116,0,1512,6,20832,126,3806,10060,0.000810061876875105,4.51071321608642e-06,0.000147998056038146,0.000391187715119219
"2020/11/16","CI",25716554,144,2,1347,8,20976,128,3505,8210,0.000815661382936454,5.59950606134866e-06,0.000136293532951577,0.000319249616414392
"2020/11/23","CI",25716554,162,3,1256,11,21138,131,3190,7019,0.000821960827255471,6.29944431901724e-06,0.000124044613442376,0.000272937035031988
"2020/11/30","CI",25716554,172,0,1156,11,21310,131,2722,5714,0.000828649126162082,6.68829890661089e-06,0.000105846218742993,0.000222191511351015
"2020/12/07","CI",25716554,175,1,1162,11,21485,132,2472,5303,0.000835454081444971,6.80495528288899e-06,9.61248540531519e-05,0.000206209587800916
"2020/12/14","CI",25716554,195,1,1210,11,21680,133,2360,4965,0.000843036745903047,7.5826644580763e-06,9.1769682672103e-05,0.00019306630274025
"2020/12/21","CI",25716554,238,0,1202,7,21918,133,2289,4892,0.000852291485087777,9.25473918472903e-06,8.9008815100188e-05,0.000190227664250817
"2020/12/28","CI",25716554,258,4,1344,11,22176,137,2294,4705,0.000862323933447693,1.00324483599163e-05,8.92032423939848e-05,0.000182956083462815
"2021/01/04","CI",25716554,472,1,1672,10,22648,138,2494,4700,0.000880677869982113,1.83539365344206e-05,9.6980334145858e-05,0.000182761656169019
"2021/01/11","CI",25716554,1102,1,2612,8,23750,139,3427,5162,0.000923529645534934,4.2851775552821e-05,0.000133260467168346,0.000200726738115846
"2021/01/18","CI",25716554,1491,2,3931,10,25241,141,4771,6228,0.000981507864545149,5.79782190102142e-05,0.000185522523740934,0.000242178637153329
