"date","countrycode2","population","cases","deaths","cases_prev_week","deaths_prev_week","cases_infected","cum_deaths","cases_contagious","cases_active","p_cases_infected","p_cases","p_cases_contagious","p_cases_active"
"2020/01/06","CN",1433783692,59,0,59,0,59,0,59,59,4.11498612581513e-08,4.11498612581513e-08,4.11498612581513e-08,4.11498612581513e-08
"2020/01/13","CN",1433783692,0,1,59,1,59,1,59,59,4.11498612581513e-08,0,4.11498612581513e-08,4.11498612581513e-08
"2020/01/20","CN",1433783692,176,2,235,3,235,3,235,235,1.63901989757043e-07,1.22752128498892e-07,1.63901989757043e-07,1.63901989757043e-07
"2020/01/27","CN",1433783692,2540,78,2775,81,2775,81,2775,2775,1.93543838968424e-06,1.77153639992719e-06,1.93543838968424e-06,1.93543838968424e-06
"2020/02/03","CN",1433783692,14436,280,17211,361,17211,361,17211,17211,1.20039027476956e-05,1.00684643580114e-05,1.20039027476956e-05,1.20039027476956e-05
"2020/02/10","CN",1433783692,22995,548,40206,909,40206,909,40206,40206,2.80418868092412e-05,1.60379840615456e-05,2.80418868092412e-05,2.80418868092412e-05
"2020/02/17","CN",1433783692,30412,862,70618,1771,70618,1771,70618,70618,4.92528966496294e-05,2.12110098403881e-05,4.92528966496294e-05,4.92528966496294e-05
"2020/02/24","CN",1433783692,6616,824,77175,2595,77234,2595,77234,77234,5.38672607527468e-05,4.61436410311745e-06,5.38672607527468e-05,5.38672607527468e-05
"2020/03/02","CN",1433783692,2900,319,80075,2913,80134,2914,80134,80134,5.58898810518763e-05,2.02262029912947e-06,5.58898810518763e-05,5.58898810518763e-05
"2020/03/09","CN",1433783692,725,208,80624,3119,80859,3122,80859,80859,5.63955361266586e-05,5.05655074782368e-07,5.63955361266586e-05,5.63955361266586e-05
"2020/03/16","CN",1433783692,161,94,78245,3135,81020,3216,81020,81020,5.65078264260241e-05,1.12290299365464e-07,5.65078264260241e-05,5.65078264260241e-05
"2020/03/23","CN",1433783692,464,58,64273,2913,81484,3274,81484,81484,5.68314456738848e-05,3.23619247860716e-07,5.68314456738848e-05,5.68314456738848e-05
"2020/03/30","CN",1433783692,673,32,41951,2397,82157,3306,82098,82157,5.7300833074338e-05,4.6938740045315e-07,5.72596832130798e-05,5.7300833074338e-05
"2020/04/06","CN",1433783692,485,29,12024,1564,82642,3335,82583,82642,5.76390988829855e-05,3.38265808647515e-07,5.75979490217273e-05,5.76390988829855e-05
"2020/04/13","CN",1433783692,567,10,5975,750,83209,3345,82974,83209,5.80345560242291e-05,3.9545714124359e-07,5.7870654034472e-05,5.80345560242291e-05
"2020/04/20","CN",1433783692,608,1291,3683,1722,83817,4636,81042,83817,5.84586088317707e-05,4.24052807541627e-07,5.65231704420865e-05,5.84586088317707e-05
"2020/04/27","CN",1433783692,95,1,3053,1515,83912,4637,66701,83912,5.85248670829491e-05,6.62582511783793e-08,4.65209643352534e-05,5.85248670829491e-05
"2020/05/04","CN",1433783692,52,0,2944,1421,83964,4637,43758,83964,5.85611347572783e-05,3.62676743292181e-08,3.05192479480371e-05,5.85611347572783e-05
"2020/05/11","CN",1433783692,46,0,2526,1363,84010,4637,13392,83951,5.85932176999541e-05,3.20829426758468e-08,9.34032105032479e-06,5.8552067838696e-05
"2020/05/18","CN",1433783692,44,1,1897,1332,84054,4638,6820,83995,5.86239057320789e-05,3.0688032124723e-08,4.75664497933207e-06,5.85827558708207e-05
"2020/05/25","CN",1433783692,41,0,1453,1303,84095,4638,3961,83860,5.86525013983769e-05,2.85956662980374e-08,2.76262034650064e-06,5.84885994086199e-05
"2020/06/01","CN",1433783692,52,0,938,1293,84147,4638,3288,81372,5.86887690727061e-05,3.62676743292181e-08,2.29323294604749e-06,5.67533306830219e-05
"2020/06/08","CN",1433783692,44,0,374,2,84191,4638,3171,66980,5.87194571048308e-05,3.0688032124723e-08,2.21163067880674e-06,4.67155543571352e-05
"2020/06/15","CN",1433783692,144,0,423,1,84335,4638,2851,44129,5.88198906645118e-05,1.00433559680912e-07,1.98844499062694e-06,3.07780038552705e-05
"2020/06/22","CN",1433783692,237,1,608,2,84572,4639,2415,13954,5.89851875648199e-05,1.65296900308167e-07,1.68435449048196e-06,9.73229091519057e-06
"2020/06/29","CN",1433783692,185,2,747,4,84757,4641,2115,7523,5.91142167907989e-05,1.29029225978949e-07,1.47511790781339e-06,5.24695603805208e-06
"2020/07/06","CN",1433783692,114,0,817,3,84871,4641,1662,4737,5.91937266922129e-05,7.95099014140551e-08,1.15917066798386e-06,3.30384564033666e-06
"2020/07/13","CN",1433783692,246,0,1022,3,85117,4641,1300,4258,5.93653006900012e-05,1.71573997788224e-07,9.06691858230453e-07,2.96976456334252e-06
"2020/07/20","CN",1433783692,496,5,1466,8,85613,4646,1701,4593,5.97112385066799e-05,3.45937816678696e-07,1.18637142373077e-06,3.20341208065575e-06
"2020/07/27","CN",1433783692,957,6,2379,14,86570,4652,2606,5086,6.03787032053926e-05,6.67464698712726e-07,1.81756844811428e-06,3.54725753150776e-06
"2020/08/03","CN",1433783692,1415,17,3650,31,87985,4669,3975,5828,6.13656024203126e-05,9.8689921492007e-07,2.7723847203585e-06,4.06476934597468e-06
"2020/08/10","CN",1433783692,808,17,4221,47,88793,4686,4739,6151,6.19291462829667e-05,5.63543862654005e-07,3.30524055088778e-06,4.29004739998117e-06
"2020/08/17","CN",1433783692,582,17,4618,62,89375,4703,5280,6166,6.23350652533437e-05,4.05918970377018e-07,3.68256385496676e-06,4.3005092291146e-06
"2020/08/24","CN",1433783692,320,8,4824,70,89695,4711,5548,5878,6.25582509415235e-05,2.23185688179804e-07,3.86948186881735e-06,4.09964210975277e-06
"2020/08/31","CN",1433783692,200,11,4778,81,89895,4722,5704,5983,6.26977419966358e-05,1.39491055112377e-07,3.978284891805e-06,4.17287491368677e-06
"2020/09/07","CN",1433783692,163,8,4445,84,90058,4730,5723,6094,6.28114272065524e-05,1.13685209916588e-07,3.99153654204068e-06,4.25029244927414e-06
"2020/09/14","CN",1433783692,139,4,3627,82,90197,4734,5625,6187,6.29083734898555e-05,9.69462833031023e-08,3.92318592503562e-06,4.3151557899014e-06
"2020/09/21","CN",1433783692,172,3,2384,68,90369,4737,5612,6315,6.30283357972522e-05,1.19962307396645e-07,3.91411900645331e-06,4.40443006517332e-06
"2020/09/28","CN",1433783692,114,2,1690,53,90483,4739,5612,6388,6.31078456986662e-05,7.95099014140551e-08,3.91411900645331e-06,4.45534430028934e-06
"2020/10/05","CN",1433783692,146,0,1254,36,90629,4739,5512,6482,6.32096741688983e-05,1.01828470232036e-07,3.84437347889712e-06,4.52090509619215e-06
"2020/10/12","CN",1433783692,183,0,1117,28,90812,4739,5199,6621,6.33373084843261e-05,1.27634315427825e-07,3.62606997764625e-06,4.61785137949526e-06
"2020/10/19","CN",1433783692,160,0,1077,17,90972,4739,4402,6637,6.3448901328416e-05,1.11592844089902e-07,3.07019812302343e-06,4.62901066390425e-06
"2020/10/26","CN",1433783692,179,0,1093,9,91151,4739,3166,6579,6.35737458227416e-05,1.24844494325578e-07,2.20814340242893e-06,4.58855825792166e-06
"2020/11/02","CN",1433783692,196,0,1150,5,91347,4739,2554,6590,6.37104470567517e-05,1.3670123401013e-07,1.78130077378506e-06,4.59623026595284e-06
"2020/11/09","CN",1433783692,213,0,1191,2,91560,4739,2185,6689,6.38590050304464e-05,1.48557973694682e-07,1.52393977710272e-06,4.66527833823346e-06
"2020/11/16","CN",1433783692,76,0,1153,0,91636,4739,1941,6519,6.39120116313891e-05,5.30066009427034e-08,1.35376068986562e-06,4.54671094138794e-06
"2020/11/23","CN",1433783692,95,0,1102,0,91731,4739,1836,6118,6.39782698825675e-05,6.62582511783793e-08,1.28052788593162e-06,4.26703137588763e-06
"2020/11/30","CN",1433783692,83,0,1002,0,91814,4739,1756,5244,6.40361586704391e-05,5.78887878716366e-08,1.22473146388667e-06,3.65745546504654e-06
"2020/12/07","CN",1433783692,104,0,946,0,91918,4739,1721,3933,6.41086940190976e-05,7.25353486584363e-08,1.20032052924201e-06,2.7430915987849e-06
"2020/12/14","CN",1433783692,103,0,870,0,92021,4739,1652,3228,6.41805319124804e-05,7.18378933828744e-08,1.15219611522824e-06,2.25138562951377e-06
