"date","countrycode2","population","cases","deaths","cases_prev_week","deaths_prev_week","cases_infected","cum_deaths","cases_contagious","cases_active","p_cases_infected","p_cases","p_cases_contagious","p_cases_active"
"2020/03/09","CR",5047561,5,0,5,0,5,0,5,5,9.90577429376287e-07,9.90577429376287e-07,9.90577429376287e-07,9.90577429376287e-07
"2020/03/16","CR",5047561,30,0,35,0,35,0,35,35,6.93404200563401e-06,5.94346457625772e-06,6.93404200563401e-06,6.93404200563401e-06
"2020/03/23","CR",5047561,99,2,134,2,134,2,134,134,2.65474751072845e-05,1.96134331016505e-05,2.65474751072845e-05,2.65474751072845e-05
"2020/03/30","CR",5047561,180,0,314,2,314,2,314,314,6.22082625648308e-05,3.56607874575463e-05,6.22082625648308e-05,6.22082625648308e-05
"2020/04/06","CR",5047561,140,0,454,2,454,2,454,454,8.99444305873668e-05,2.7736168022536e-05,8.99444305873668e-05,8.99444305873668e-05
"2020/04/13","CR",5047561,141,1,595,3,595,3,595,595,0.000117878714095778,2.79342835084113e-05,0.000117878714095778,0.000117878714095778
"2020/04/20","CR",5047561,65,1,660,4,660,4,660,660,0.00013075622067767,1.28775065818917e-05,0.00013075622067767,0.00013075622067767
"2020/04/27","CR",5047561,35,2,690,6,695,6,695,695,0.000137690262683304,6.93404200563401e-06,0.000137690262683304,0.000137690262683304
"2020/05/04","CR",5047561,44,0,704,6,739,6,739,739,0.000146407344061815,8.71708137851132e-06,0.000146407344061815,0.000146407344061815
"2020/05/11","CR",5047561,53,0,658,4,792,6,792,792,0.000156907464813204,1.05001207513886e-05,0.000156907464813204,0.000156907464813204
"2020/05/18","CR",5047561,71,4,549,8,863,10,863,863,0.000170973664310347,1.40661994971433e-05,0.000170973664310347,0.000170973664310347
"2020/05/25","CR",5047561,67,0,476,8,930,10,930,930,0.000184247401863989,1.32737375536422e-05,0.000184247401863989,0.000184247401863989
"2020/06/01","CR",5047561,126,0,461,7,1056,10,1051,1056,0.000209209953084272,2.49625512202824e-05,0.000208219375654896,0.000209209953084272
"2020/06/08","CR",5047561,262,0,658,6,1318,10,1283,1318,0.000261116210383589,5.19062572993174e-05,0.000254182168377955,0.000261116210383589
"2020/06/15","CR",5047561,397,2,1020,6,1715,12,1581,1715,0.000339768058276066,7.86518478924772e-05,0.000313220583168782,0.000339768058276066
"2020/06/22","CR",5047561,498,0,1474,6,2213,12,1899,2213,0.000438429570241945,9.86615119658782e-05,0.000376221307677114,0.000438429570241945
"2020/06/29","CR",5047561,917,3,2338,9,3130,15,2676,3130,0.000620101470789556,0.000181671900547611,0.000530157040202189,0.000620101470789556
"2020/07/06","CR",5047561,1866,4,4133,9,4996,19,4401,4996,0.000989784967432786,0.00036968349664323,0.000871906253337008,0.000989784967432786
"2020/07/13","CR",5047561,2600,11,6666,20,7596,30,6936,7591,0.00150488523070846,0.000515100263275669,0.00137412901003079,0.00150389465327908
"2020/07/20","CR",5047561,3518,32,10058,52,11114,62,10419,11079,0.00220185551001761,0.000696970279309155,0.00206416524733431,0.00219492146801198
"2020/07/27","CR",5047561,4115,42,13911,94,15229,104,14490,15095,0.00301710073439429,0.000815245224376684,0.00287069339033248,0.00299055325928701
"2020/08/03","CR",5047561,3746,58,17260,150,18975,162,18183,18661,0.00375924134448301,0.000742140610088714,0.0036023338796698,0.00369703308191818
"2020/08/10","CR",5047561,4311,73,21073,223,23286,235,22423,22832,0.00461331720409124,0.000854075859608235,0.0044423435397809,0.00452337277350388
"2020/08/17","CR",5047561,5179,59,25335,279,28465,294,27535,27870,0.0056393573054392,0.00102604010134796,0.00545510990357521,0.00552147859134342
"2020/08/24","CR",5047561,5355,61,28824,336,33820,355,32764,33160,0.0067002657323012,0.001060908426862,0.00649105577921693,0.00656950951162353
"2020/08/31","CR",5047561,5879,63,32103,388,39699,418,38381,39004,0.00786498667376184,0.00116472094146064,0.00760387046337825,0.00772729641107854
"2020/09/07","CR",5047561,7221,60,35806,416,46920,478,45205,46181,0.00929557859726708,0.00143059192350523,0.00895581053899101,0.00914917125320526
"2020/09/14","CR",5047561,8534,112,40225,486,55454,590,53241,54662,0.0109862961537265,0.00169071755645945,0.0105478665834846,0.0108293886889133
"2020/09/21","CR",5047561,8258,116,44737,544,63712,706,60582,62849,0.0126223338360844,0.00163603768235788,0.0120022323652948,0.0124513601717741
"2020/09/28","CR",5047561,8337,122,48763,593,72049,828,67053,71119,0.0142740226418264,0.00165168880574202,0.0132842376743936,0.0140897752399624
"2020/10/05","CR",5047561,7133,122,50717,656,79182,950,71586,78126,0.0156871804025746,0.00141315776074821,0.0141822951718662,0.0154779704494904
"2020/10/12","CR",5047561,8257,126,53619,721,87439,1076,76325,86121,0.0173230199694466,0.001635839566872,0.015121164459429,0.017061903759063
"2020/10/19","CR",5047561,8075,107,55815,765,95514,1183,80285,93799,0.0189228025178893,0.0015997825484427,0.015905701783495,0.0185830344596133
"2020/10/26","CR",5047561,7574,99,56168,804,103088,1282,84113,100875,0.0204233292079085,0.0015005266900192,0.0166640878634255,0.0199848996376666
"2020/11/02","CR",5047561,6883,103,54517,795,109971,1385,86685,106841,0.0217869580971879,0.0013636288892794,0.0171736408930967,0.0211668566263984
"2020/11/09","CR",5047561,6392,79,52651,758,116363,1464,87898,111367,0.0230533122829026,0.00126635418571465,0.0174139549774634,0.0220635273154698
"2020/11/16","CR",5047561,6860,82,51174,718,123223,1546,89403,115627,0.0244123845160068,0.00135907223310427,0.0177121187837056,0.0229074992852984
"2020/11/23","CR",5047561,6195,62,50236,658,129418,1608,89719,118304,0.0256397099510041,0.00122732543499722,0.0177747232772422,0.0234378544409864
"2020/11/30","CR",5047561,7675,82,49654,614,137093,1690,90173,121864,0.0271602463050967,0.0015205363540926,0.0178646677078296,0.0241431455707024
"2020/12/07","CR",5047561,6592,83,48171,590,143685,1773,88231,124710,0.0284662235879864,0.0013059772828897,0.0174799274342598,0.0247069822435033
"2020/12/14","CR",5047561,9484,163,50081,654,153169,1936,89457,129883,0.0303451508560273,0.00187892726804094,0.0177228170199429,0.0257318336519361
"2020/12/21","CR",5047561,6724,101,49922,652,159893,2037,87844,131428,0.0316772793830525,0.00133212852702523,0.0174032567412261,0.0260379220776133
"2020/12/28","CR",5047561,5869,107,49399,680,165762,2144,86580,131942,0.0328400191696544,0.00116273978660189,0.0171528387670798,0.0261397534373532
"2021/01/04","CR",5047561,6674,85,49213,683,172436,2229,84997,132737,0.0341622419223859,0.00132222275273147,0.0168392219529392,0.026297255248624
"2021/01/11","CR",5047561,7625,124,50643,745,180061,2353,84547,133141,0.0356728725021847,0.00151063057979884,0.0167500699842954,0.0263772939049176
