"date","countrycode2","population","cases","deaths","cases_prev_week","deaths_prev_week","cases_infected","cum_deaths","cases_contagious","cases_active","p_cases_infected","p_cases","p_cases_contagious","p_cases_active"
"2020/01/06","DK",5806081,0,0,0,0,0,0,0,0,0,0,0,0
"2020/01/13","DK",5806081,0,0,0,0,0,0,0,0,0,0,0,0
"2020/01/20","DK",5806081,0,0,0,0,0,0,0,0,0,0,0,0
"2020/01/27","DK",5806081,0,0,0,0,0,0,0,0,0,0,0,0
"2020/02/03","DK",5806081,0,0,0,0,0,0,0,0,0,0,0,0
"2020/02/10","DK",5806081,0,0,0,0,0,0,0,0,0,0,0,0
"2020/02/17","DK",5806081,0,0,0,0,0,0,0,0,0,0,0,0
"2020/02/24","DK",5806081,0,0,0,0,0,0,0,0,0,0,0,0
"2020/03/02","DK",5806081,4,0,4,0,4,0,4,4,6.88932861942505e-07,6.88932861942505e-07,6.88932861942505e-07,6.88932861942505e-07
"2020/03/09","DK",5806081,34,0,38,0,38,0,38,38,6.5448621884538e-06,5.85592932651129e-06,6.5448621884538e-06,6.5448621884538e-06
"2020/03/16","DK",5806081,837,1,875,1,875,1,875,875,0.000150704063549923,0.000144159201361469,0.000150704063549923,0.000150704063549923
"2020/03/23","DK",5806081,520,12,1395,13,1395,13,1395,1395,0.000240265335602449,8.95612720525256e-05,0.000240265335602449,0.000240265335602449
"2020/03/30","DK",5806081,1000,59,2395,72,2395,72,2395,2395,0.000412498551088075,0.000172233215485626,0.000412498551088075,0.000412498551088075
"2020/04/06","DK",5806081,1974,107,4369,179,4369,179,4369,4369,0.000752486918456701,0.000339988367368626,0.000752486918456701,0.000752486918456701
"2020/04/13","DK",5806081,1805,94,6174,273,6174,273,6174,6174,0.00106336787240826,0.000310880953951555,0.00106336787240826,0.00106336787240826
"2020/04/20","DK",5806081,1210,82,7380,355,7384,355,7384,7384,0.00127177006314586,0.000208402190737608,0.00127177006314586,0.00127177006314586
"2020/04/27","DK",5806081,1191,67,8537,422,8575,422,8575,8575,0.00147689982278924,0.000205129759643381,0.00147689982278924,0.00147689982278924
"2020/05/04","DK",5806081,948,59,8648,480,9523,481,9523,9523,0.00164017691106962,0.000163277088280374,0.00164017691106962,0.00164017691106962
"2020/05/11","DK",5806081,906,38,9034,506,10429,519,10429,10429,0.0017962202042996,0.000156043293229977,0.0017962202042996,0.0017962202042996
"2020/05/18","DK",5806081,498,28,8532,475,10927,547,10927,10927,0.00188199234561144,8.57721413118418e-05,0.00188199234561144,0.00188199234561144
"2020/05/25","DK",5806081,433,15,6991,383,11360,562,11356,11360,0.00195656932791671,7.45769823052761e-05,0.00195588039505477,0.00195656932791671
"2020/06/01","DK",5806081,309,12,5495,301,11669,574,11631,11669,0.00200978939150177,5.32200635850585e-05,0.00200324452931332,0.00200978939150177
"2020/06/08","DK",5806081,279,15,4564,234,11948,589,11073,11948,0.00205784245862226,4.80530671204897e-05,0.00190713839507234,0.00205784245862226
"2020/06/15","DK",5806081,245,8,3618,175,12193,597,10798,12193,0.00210003959641624,4.21971377939784e-05,0.00185977426081379,0.00210003959641624
"2020/06/22","DK",5806081,198,3,2868,119,12391,600,9996,12391,0.00213414177308239,3.4102176666154e-05,0.00172164322199432,0.00213414177308239
"2020/06/29","DK",5806081,284,4,2246,85,12675,604,8306,12675,0.00218305600628031,4.89142331979178e-05,0.00143056908782361,0.00218305600628031
"2020/07/06","DK",5806081,157,2,1905,59,12832,606,6658,12828,0.00221009662111156,2.70406148312433e-05,0.0011467287487033,0.00220940768824961
"2020/07/13","DK",5806081,114,3,1586,47,12946,609,5562,12908,0.00222973120767692,1.96345865653614e-05,0.000957961144531053,0.00222318634548846
"2020/07/20","DK",5806081,227,2,1504,37,13173,611,4598,12298,0.00226882814759215,3.90969399152371e-05,0.000791928324802909,0.00211812408404223
"2020/07/27","DK",5806081,265,2,1490,24,13438,613,3915,12043,0.00231446994969584,4.56418021036909e-05,0.000674293038626227,0.0020742046140934
"2020/08/03","DK",5806081,351,2,1596,18,13789,615,3360,11394,0.0023749238083313,6.04538586354548e-05,0.000578703604031704,0.00196242525724322
"2020/08/10","DK",5806081,653,2,2051,17,14442,617,3515,10073,0.00248739209804341,0.000112468289712114,0.000605399752431976,0.00173490517958671
"2020/08/17","DK",5806081,1175,4,2942,17,15617,621,4257,9443,0.00268976612623902,0.000202374028195611,0.000733196798322311,0.00162639825383077
"2020/08/24","DK",5806081,510,0,3295,15,16127,621,4458,8743,0.00277760506613669,8.78389398976694e-05,0.000767815674634922,0.00150583500299083
"2020/08/31","DK",5806081,573,3,3754,15,16700,624,4752,8125,0.00287629469860996,9.86896324732638e-05,0.000818452239987696,0.00139939487582071
"2020/09/07","DK",5806081,847,3,4374,16,17547,627,5354,8024,0.00302217623212628,0.000145881533516325,0.000922136635710043,0.00138199932105666
"2020/09/14","DK",5806081,1669,2,5778,16,19216,629,6825,8787,0.00330963346877179,0.00028745723664551,0.0011754916956894,0.0015134132644722
"2020/09/21","DK",5806081,2631,6,8058,20,21847,635,9172,10920,0.00376277905871448,0.000453145589942682,0.00157972305243416,0.00188078671310304
"2020/09/28","DK",5806081,4790,14,12195,32,26637,649,13805,15277,0.00458777616089062,0.000824997102176149,0.00237767953977907,0.00263120683297391
"2020/10/05","DK",5806081,3043,9,14063,37,29680,658,16734,18011,0.00511188183561339,0.00052410567472276,0.00288215062793647,0.00310209244411161
"2020/10/12","DK",5806081,2742,11,16295,48,32422,669,19249,20474,0.00558414531247497,0.000472263476861587,0.00331531716488282,0.00352630285385271
"2020/10/19","DK",5806081,2970,11,18692,56,35392,680,21954,23199,0.00609567796246728,0.00051153264999231,0.00378120801277144,0.00399563836605104
"2020/10/26","DK",5806081,4964,22,22809,75,40356,702,26567,27965,0.00695064364413793,0.000854965681670648,0.00457571983580663,0.00481650187105554
"2020/11/02","DK",5806081,6943,21,28083,94,47299,723,32857,34624,0.00814645885925463,0.0011958152151167,0.00565906676121122,0.00596340285297432
"2020/11/09","DK",5806081,7822,20,33274,108,55121,743,39504,42289,0.0094936670707832,0.00134720821152857,0.00680390094454418,0.00728357044967165
"2020/11/16","DK",5806081,7015,17,35499,111,62136,760,46009,49190,0.0107018830774149,0.00120821600663167,0.00792427801127818,0.00847215186973795
"2020/11/23","DK",5806081,8349,24,40805,126,70485,784,53785,57312,0.0121398581935044,0.00143797511608949,0.0092635634948944,0.00987103004591221
"2020/11/30","DK",5806081,8867,45,46930,160,79352,829,61805,65914,0.0136670501152154,0.00152719192171105,0.0106448738830891,0.0113525801655196
"2020/12/07","DK",5806081,11251,56,55211,205,90603,885,71387,76814,0.0156048460226442,0.00193779590742878,0.0122952125538724,0.0132299222143129
"2020/12/14","DK",5806081,19155,56,69402,239,109758,941,87911,95316,0.0189039732652714,0.00329912724262717,0.0151411942065569,0.0164165811672279
