"date","countrycode2","population","cases","deaths","cases_prev_week","deaths_prev_week","cases_infected","cum_deaths","cases_contagious","cases_active","p_cases_infected","p_cases","p_cases_contagious","p_cases_active"
"2020/01/06","DO",10738957,0,0,0,0,0,0,0,0,0,0,0,0
"2020/01/13","DO",10738957,0,0,0,0,0,0,0,0,0,0,0,0
"2020/01/20","DO",10738957,0,0,0,0,0,0,0,0,0,0,0,0
"2020/01/27","DO",10738957,0,0,0,0,0,0,0,0,0,0,0,0
"2020/02/03","DO",10738957,0,0,0,0,0,0,0,0,0,0,0,0
"2020/02/10","DO",10738957,0,0,0,0,0,0,0,0,0,0,0,0
"2020/02/17","DO",10738957,0,0,0,0,0,0,0,0,0,0,0,0
"2020/02/24","DO",10738957,0,0,0,0,0,0,0,0,0,0,0,0
"2020/03/02","DO",10738957,1,0,1,0,1,0,1,1,9.31189127584737e-08,9.31189127584737e-08,9.31189127584737e-08,9.31189127584737e-08
"2020/03/09","DO",10738957,1,0,2,0,2,0,2,2,1.86237825516947e-07,9.31189127584737e-08,1.86237825516947e-07,1.86237825516947e-07
"2020/03/16","DO",10738957,9,0,11,0,11,0,11,11,1.02430804034321e-06,8.38070214826263e-07,1.02430804034321e-06,1.02430804034321e-06
"2020/03/23","DO",10738957,191,3,202,3,202,3,202,202,1.88100203772117e-05,1.77857123368685e-05,1.88100203772117e-05,1.88100203772117e-05
"2020/03/30","DO",10738957,657,36,859,39,859,39,859,859,7.99891460595289e-05,6.11791256823172e-05,7.99891460595289e-05,7.99891460595289e-05
"2020/04/06","DO",10738957,886,43,1745,82,1745,82,1745,1745,0.000162492502763537,8.25033567040077e-05,0.000162492502763537,0.000162492502763537
"2020/04/13","DO",10738957,1222,91,2967,173,2967,173,2967,2967,0.000276283814154391,0.000113791311390855,0.000276283814154391,0.000276283814154391
"2020/04/20","DO",10738957,1713,53,4679,226,4680,226,4680,4680,0.000435796511709657,0.000159512697555265,0.000435796511709657,0.000435796511709657
"2020/04/27","DO",10738957,1455,52,6133,278,6135,278,6135,6135,0.000571284529773236,0.000135488018063579,0.000571284529773236,0.000571284529773236
"2020/05/04","DO",10738957,1819,55,7943,333,7954,333,7954,7954,0.000740667832080899,0.000169383302307664,0.000740667832080899,0.000740667832080899
"2020/05/11","DO",10738957,2393,55,10145,385,10347,388,10347,10347,0.000963501390311927,0.000222833558231027,0.000963501390311927,0.000963501390311927
"2020/05/18","DO",10738957,1967,40,11455,389,12314,428,12314,12314,0.00114666629170784,0.000183164901395918,0.00114666629170784,0.00114666629170784
"2020/05/25","DO",10738957,2108,30,12677,376,14422,458,14421,14422,0.00134296095980271,0.000196294668094862,0.00134286784088995,0.00134296095980271
"2020/06/01","DO",10738957,2863,44,14318,329,17285,502,17283,17285,0.00160956040703022,0.00026659944722751,0.0016093741692047,0.00160956040703022
"2020/06/08","DO",10738957,2315,36,14920,312,19600,538,19589,19600,0.00182513069006608,0.000215570283035867,0.00182410638202574,0.00182513069006608
"2020/06/15","DO",10738957,3362,54,16827,314,22962,592,22760,22962,0.00213819647476007,0.000313065784693988,0.00211938645438286,0.00213819647476007
"2020/06/22","DO",10738957,3715,70,18723,329,26677,662,25818,26677,0.0024841332356578,0.00034593676089773,0.00240414408959827,0.0024841332356578
"2020/06/29","DO",10738957,4696,64,21026,338,31373,726,29628,31373,0.00292141964997159,0.000437286414313792,0.00275892714720806,0.00292141964997159
"2020/07/06","DO",10738957,6052,68,25111,366,37425,794,34458,37424,0.00348497530998588,0.000563555660014283,0.00320869149583149,0.00348488219107312
"2020/07/13","DO",10738957,7107,103,30110,439,44532,897,39852,44530,0.00414677142296035,0.000661796112974472,0.00371097491125069,0.00414658518513483
"2020/07/20","DO",10738957,8323,84,35570,479,52855,981,46720,52844,0.00492180013384912,0.000775028710888776,0.00435051560407589,0.00492077582580878
"2020/07/27","DO",10738957,10053,82,43308,525,62908,1063,54954,62706,0.00585792456381006,0.000936124429960936,0.00511725673172916,0.00583911454343285
"2020/08/03","DO",10738957,9335,115,49281,586,72243,1178,61896,71384,0.00672718961441041,0.000869265050600352,0.00576368822409849,0.00664720046835088
"2020/08/10","DO",10738957,7489,131,53055,647,79732,1309,67418,77987,0.00742455715205862,0.000697367537648209,0.00627789086035078,0.00726206464929509
"2020/08/17","DO",10738957,6577,144,54936,727,86309,1453,71887,83342,0.0080370002412711,0.000612443089212481,0.0066940392814684,0.00776071642711671
"2020/08/24","DO",10738957,4852,114,53736,773,91161,1567,73876,86481,0.00848881320597522,0.000451812964704114,0.006879252798945,0.00805301669426556
"2020/08/31","DO",10738957,3080,114,49709,784,94241,1681,74641,88106,0.00877561945727132,0.000286806251296099,0.00695048876720523,0.00820433492749808
"2020/09/07","DO",10738957,5092,164,46478,864,99333,1845,76371,91379,0.00924978096103746,0.000474161503766148,0.00711158448627739,0.00850911312895656
"2020/09/14","DO",10738957,4327,123,40752,905,103660,1968,76983,93313,0.00965270649654338,0.000402925535505916,0.00716857326088558,0.00868920510623145
"2020/09/21","DO",10738957,4629,79,36046,869,108289,2047,76916,95975,0.0100837539437024,0.000431047447158975,0.00716233429373076,0.00893708765199451
"2020/09/28","DO",10738957,3097,48,31654,786,111386,2095,73961,96964,0.0103721432165153,0.000288389272812993,0.00688716790652947,0.00902918225671264
"2020/10/05","DO",10738957,3094,39,28171,681,114480,2134,69948,97195,0.0106602531325901,0.000288109916074717,0.00651348170962972,0.00905069272555985
"2020/10/12","DO",10738957,3997,39,27316,606,118477,2173,65622,98877,0.0110324494268857,0.000372196294295619,0.00611064929303656,0.0092073187368196
"2020/10/19","DO",10738957,2870,26,27106,518,121347,2199,58439,98385,0.0112997007065025,0.000267251279616819,0.00544177614269244,0.00916150423174243
"2020/10/26","DO",10738957,3180,24,25194,378,124527,2223,52284,97850,0.0115958188490744,0.000296118142571946,0.00486862923466404,0.00911168561341665
"2020/11/02","DO",10738957,2805,26,23672,281,127332,2249,47600,95959,0.011857017399362,0.000261198550287519,0.00443246024730335,0.00893559774939037
"2020/11/09","DO",10738957,2850,16,21893,218,130182,2265,43873,92757,0.0121224063007236,0.00026538890136165,0.00408540605945251,0.00863743099073774
"2020/11/16","DO",10738957,3542,20,22338,190,133724,2285,42563,89192,0.0124522334897141,0.000329827188990514,0.00396342028373891,0.00830546206675378
"2020/11/23","DO",10738957,4686,25,23930,176,138410,2310,44169,85555,0.0128885887149003,0.000436355225186208,0.00411296925762902,0.00796678858105121
"2020/11/30","DO",10738957,5063,20,24996,157,143473,2330,44140,80565,0.0133600497701965,0.000471461055296152,0.00411026880915903,0.00750212520638643
"2020/12/07","DO",10738957,4980,15,27106,146,148453,2345,44793,76210,0.0138237819557337,0.000463732185537199,0.00417107545919031,0.00709659234132328
"2020/12/14","DO",10738957,6239,16,30165,138,154692,2361,46403,74960,0.0144047508524338,0.000580968896700117,0.00432099690873145,0.00698019370037519
"2020/12/21","DO",10738957,6360,24,33720,136,161052,2385,49666,74743,0.0149969871375777,0.000592236285143892,0.00462484392106235,0.0069599868963066
"2020/12/28","DO",10738957,6353,19,37223,139,167405,2404,52925,76244,0.0155885715903323,0.000591584452754583,0.00492831845774222,0.00709975838435707
"2021/01/04","DO",10738957,5926,14,39607,133,173331,2418,54854,79090,0.016140394267339,0.000551822677006715,0.00510794484045331,0.00736477481006768
"2021/01/11","DO",10738957,9951,9,44872,117,183282,2427,61935,83949,0.0170670205681986,0.000926626300859571,0.00576731986169607,0.0078172396071611
