"date","countrycode2","population","cases","deaths","cases_prev_week","deaths_prev_week","cases_infected","cum_deaths","cases_contagious","cases_active","p_cases_infected","p_cases","p_cases_contagious","p_cases_active"
"2020/01/06","EE",1324820,0,0,0,0,0,0,0,0,0,0,0,0
"2020/01/13","EE",1324820,0,0,0,0,0,0,0,0,0,0,0,0
"2020/01/20","EE",1324820,0,0,0,0,0,0,0,0,0,0,0,0
"2020/01/27","EE",1324820,0,0,0,0,0,0,0,0,0,0,0,0
"2020/02/03","EE",1324820,0,0,0,0,0,0,0,0,0,0,0,0
"2020/02/10","EE",1324820,0,0,0,0,0,0,0,0,0,0,0,0
"2020/02/17","EE",1324820,0,0,0,0,0,0,0,0,0,0,0,0
"2020/02/24","EE",1324820,0,0,0,0,0,0,0,0,0,0,0,0
"2020/03/02","EE",1324820,1,0,1,0,1,0,1,1,7.54819522652134e-07,7.54819522652134e-07,7.54819522652134e-07,7.54819522652134e-07
"2020/03/09","EE",1324820,9,0,10,0,10,0,10,10,7.54819522652134e-06,6.7933757038692e-06,7.54819522652134e-06,7.54819522652134e-06
"2020/03/16","EE",1324820,161,0,171,0,171,0,171,171,0.000129074138373515,0.000121525943146994,0.000129074138373515,0.000129074138373515
"2020/03/23","EE",1324820,155,0,326,0,326,0,326,326,0.000246071164384596,0.000116997026011081,0.000246071164384596,0.000246071164384596
"2020/03/30","EE",1324820,353,3,679,3,679,3,679,679,0.000512522455880799,0.000266451291496203,0.000512522455880799,0.000512522455880799
"2020/04/06","EE",1324820,418,12,1097,15,1097,15,1097,1097,0.000828037016349391,0.000315514560468592,0.000828037016349391,0.000828037016349391
"2020/04/13","EE",1324820,212,10,1309,25,1309,25,1309,1309,0.000988058755151643,0.000160021738802252,0.000988058755151643,0.000988058755151643
"2020/04/20","EE",1324820,219,15,1527,40,1528,40,1528,1528,0.00115336423061246,0.000165305475460817,0.00115336423061246,0.00115336423061246
"2020/04/27","EE",1324820,115,9,1633,49,1643,49,1643,1643,0.00124016847571746,8.68042451049954e-05,0.00124016847571746,0.00124016847571746
"2020/05/04","EE",1324820,57,6,1529,55,1700,55,1700,1700,0.00128319318850863,4.30247127911716e-05,0.00128319318850863,0.00128319318850863
"2020/05/11","EE",1324820,39,5,1413,60,1739,60,1739,1739,0.00131263114989206,2.94379613834332e-05,0.00131263114989206,0.00131263114989206
"2020/05/18","EE",1324820,35,3,1095,60,1774,63,1774,1774,0.00133904983318489,2.64186832928247e-05,0.00133904983318489,0.00133904983318489
"2020/05/25","EE",1324820,49,0,726,48,1823,63,1822,1823,0.00137603598979484,3.69861566099546e-05,0.00137528117027219,0.00137603598979484
"2020/06/01","EE",1324820,46,0,560,38,1869,63,1859,1869,0.00141075768783684,3.47216980419982e-05,0.00140320949261032,0.00141075768783684
"2020/06/08","EE",1324820,70,0,411,23,1939,63,1768,1939,0.00146359505442249,5.28373665856494e-05,0.00133452091604897,0.00146359505442249
"2020/06/15","EE",1324820,34,0,330,14,1973,63,1647,1973,0.00148925891819266,2.56638637701726e-05,0.00124318775380806,0.00148925891819266
"2020/06/22","EE",1324820,8,0,281,8,1981,63,1302,1981,0.00149529747437388,6.03855618121707e-06,0.000982775018493078,0.00149529747437388
"2020/06/29","EE",1324820,6,0,248,3,1987,63,890,1987,0.00149982639150979,4.5289171359128e-06,0.000671789375160399,0.00149982639150979
"2020/07/06","EE",1324820,6,0,219,0,1993,63,684,1992,0.0015043553086457,4.5289171359128e-06,0.00051629655349406,0.00150360048912305
"2020/07/13","EE",1324820,21,0,191,0,2014,63,486,2004,0.0015202065186214,1.58512099756948e-05,0.000366842288008937,0.00151265832339488
"2020/07/20","EE",1324820,7,0,152,0,2021,63,378,1850,0.00152549025527996,5.28373665856494e-06,0.000285321779562507,0.00139641611690645
"2020/07/27","EE",1324820,13,0,95,0,2034,63,334,1708,0.00153530290907444,9.81265379447774e-06,0.000252109720565813,0.00128923174468984
"2020/08/03","EE",1324820,45,0,106,0,2079,63,340,1400,0.00156926978759379,3.3966878519346e-05,0.000256638637701726,0.00105674733171299
"2020/08/10","EE",1324820,73,0,171,0,2152,63,378,1055,0.00162437161274739,5.51018251536058e-05,0.000285321779562507,0.000796334596398001
"2020/08/17","EE",1324820,38,0,203,0,2190,63,367,881,0.00165305475460817,2.86831418607811e-05,0.000277018764813333,0.00066499599945653
"2020/08/24","EE",1324820,82,0,279,0,2272,63,403,744,0.00171494995546565,6.1895200857475e-05,0.00030419226762881,0.000561585724853188
"2020/08/31","EE",1324820,101,1,359,1,2373,64,434,730,0.00179118672725351,7.62367717878655e-05,0.000327591672831026,0.000551018251536058
"2020/09/07","EE",1324820,142,0,494,1,2515,64,542,815,0.00189837109947012,0.000107184372216603,0.000409112181277457,0.000615177910961489
"2020/09/14","EE",1324820,161,0,642,1,2676,64,695,937,0.00201989704261711,0.000121525943146994,0.000524599568243233,0.000707265892725049
"2020/09/21","EE",1324820,248,0,845,1,2924,64,937,1150,0.00220709228423484,0.000187195241617729,0.000707265892725049,0.000868042451049954
"2020/09/28","EE",1324820,276,0,1048,1,3200,64,1207,1377,0.00241542247248683,0.000208330188251989,0.000911067163841126,0.00103938648269199
"2020/10/05","EE",1324820,407,3,1417,4,3607,67,1593,1738,0.00272263401820625,0.000307211545719418,0.00120242749958485,0.00131187633036941
"2020/10/12","EE",1324820,258,1,1593,5,3865,68,1844,1926,0.0029173774550505,0.000194743436844251,0.00139188719977053,0.00145378240062801
"2020/10/19","EE",1324820,213,0,1705,4,4078,68,2044,2105,0.0030781540133754,0.000160776558324905,0.00154285110430096,0.00158889509518274
"2020/10/26","EE",1324820,333,5,1896,9,4411,73,2332,2430,0.00332950891441856,0.000251354901043161,0.00176023912682478,0.00183421144004469
"2020/11/02","EE",1324820,574,0,2309,9,4985,73,2833,2998,0.00376277532042089,0.000433266406002325,0.0021384037076735,0.0022629489289111
"2020/11/09","EE",1324820,1140,2,3201,11,6125,75,3935,4132,0.00462326957624432,0.000860494255823433,0.00297021482163615,0.00311891426759862
"2020/11/16","EE",1324820,1512,6,4437,17,7637,81,5365,5623,0.00576455669449435,0.00114128711825003,0.0040496067390287,0.00424435017587295
"2020/11/23","EE",1324820,2087,7,6117,21,9724,88,7351,7703,0.00733986503826935,0.001575308343775,0.00554867831101584,0.00581437478298939
"2020/11/30","EE",1324820,2328,24,8187,44,12052,112,9537,10018,0.00909708488700352,0.00175721984873417,0.0071987137875334,0.00756178197792908
"2020/12/07","EE",1324820,2926,19,10900,63,14978,131,12302,12899,0.0113056868102837,0.00220860192328014,0.00928578976766655,0.00973641702268987
"2020/12/14","EE",1324820,3077,18,13644,76,18055,149,15131,15903,0.0136282664814843,0.00232257967120062,0.0114211741972494,0.0120038948687369
