"date","countrycode2","population","cases","deaths","cases_prev_week","deaths_prev_week","cases_infected","cum_deaths","cases_contagious","cases_active","p_cases_infected","p_cases","p_cases_contagious","p_cases_active"
"2020/03/09","FO",48677,3,0,3,0,3,0,3,3,6.16307496353514e-05,6.16307496353514e-05,6.16307496353514e-05,6.16307496353514e-05
"2020/03/16","FO",48677,6,0,9,0,9,0,9,9,0.000184892248906054,0.000123261499270703,0.000184892248906054,0.000184892248906054
"2020/03/23","FO",48677,106,0,115,0,115,0,115,115,0.00236251206935514,0.00217761982044908,0.00236251206935514,0.00236251206935514
"2020/03/30","FO",48677,44,0,159,0,159,0,159,159,0.00326642973067362,0.000903917661318487,0.00326642973067362,0.00326642973067362
"2020/04/06","FO",48677,22,0,181,0,181,0,181,181,0.00371838856133287,0.000451958830659244,0.00371838856133287,0.00371838856133287
"2020/04/13","FO",48677,3,0,184,0,184,0,184,184,0.00378001931096822,6.16307496353514e-05,0.00378001931096822,0.00378001931096822
"2020/04/20","FO",48677,1,0,185,0,185,0,185,185,0.00380056289418,2.05435832117838e-05,0.00380056289418,0.00380056289418
"2020/04/27","FO",48677,2,0,184,0,187,0,187,187,0.00384165006060357,4.10871664235676e-05,0.00384165006060357,0.00384165006060357
"2020/05/04","FO",48677,0,0,178,0,187,0,187,187,0.00384165006060357,0,0.00384165006060357,0.00384165006060357
"2020/05/11","FO",48677,0,0,72,0,187,0,187,187,0.00384165006060357,0,0.00384165006060357,0.00384165006060357
"2020/05/18","FO",48677,0,0,28,0,187,0,187,187,0.00384165006060357,0,0.00384165006060357,0.00384165006060357
"2020/05/25","FO",48677,0,0,6,0,187,0,187,187,0.00384165006060357,0,0.00384165006060357,0.00384165006060357
"2020/06/01","FO",48677,0,0,3,0,187,0,184,187,0.00384165006060357,0,0.00378001931096822,0.00384165006060357
"2020/06/08","FO",48677,0,0,2,0,187,0,178,187,0.00384165006060357,0,0.00365675781169752,0.00384165006060357
"2020/06/15","FO",48677,0,0,0,0,187,0,72,187,0.00384165006060357,0,0.00147913799124843,0.00384165006060357
"2020/06/22","FO",48677,0,0,0,0,187,0,28,187,0.00384165006060357,0,0.000575220329929946,0.00384165006060357
"2020/06/29","FO",48677,0,0,0,0,187,0,6,187,0.00384165006060357,0,0.000123261499270703,0.00384165006060357
"2020/07/06","FO",48677,0,0,0,0,187,0,3,187,0.00384165006060357,0,6.16307496353514e-05,0.00384165006060357
"2020/07/13","FO",48677,1,0,1,0,188,0,3,185,0.00386219364381535,2.05435832117838e-05,6.16307496353514e-05,0.00380056289418
"2020/07/20","FO",48677,3,0,4,0,191,0,4,182,0.00392382439345071,6.16307496353514e-05,8.21743328471352e-05,0.00373893214454465
"2020/07/27","FO",48677,0,0,4,0,191,0,4,76,0.00392382439345071,0,8.21743328471352e-05,0.00156131232409557
"2020/08/03","FO",48677,34,0,38,0,225,0,38,66,0.00462230622265135,0.000698481829200649,0.000780656162047784,0.00135587649197773
"2020/08/10","FO",48677,66,0,104,0,291,0,104,110,0.00597818271462909,0.00135587649197773,0.00213653265402552,0.00225979415329622
"2020/08/17","FO",48677,81,0,185,0,372,0,185,188,0.00764221295478357,0.00166403024015449,0.00380056289418,0.00386219364381535
"2020/08/24","FO",48677,12,0,197,0,384,0,197,199,0.00788873595332498,0.000246522998541406,0.00404708589272141,0.00408817305914498
"2020/08/31","FO",48677,27,0,223,0,411,0,224,224,0.00844341270004314,0.000554676746718163,0.00460176263943957,0.00460176263943957
"2020/09/07","FO",48677,2,0,222,0,413,0,226,226,0.00848449986646671,4.10871664235676e-05,0.00464284980586314,0.00464284980586314
"2020/09/14","FO",48677,10,0,232,0,423,0,236,236,0.00868993569858455,0.000205435832117838,0.00484828563798098,0.00484828563798098
"2020/09/21","FO",48677,11,0,209,0,434,0,247,247,0.00891591511391417,0.000225979415329622,0.0050742650533106,0.0050742650533106
"2020/09/28","FO",48677,26,0,169,0,460,0,273,273,0.00945004827742055,0.000534133163506379,0.00560839821681698,0.00560839821681698
"2020/10/05","FO",48677,14,0,102,0,474,0,286,287,0.00973765844238552,0.000287610164964973,0.00587546479857017,0.00589600838178195
"2020/10/12","FO",48677,3,0,93,0,477,0,286,290,0.00979928919202087,6.16307496353514e-05,0.00587546479857017,0.0059576391314173
"2020/10/19","FO",48677,8,0,74,0,485,0,294,298,0.00996363785771514,0.00016434866569427,0.00603981346426444,0.00612198779711157
"2020/10/26","FO",48677,5,0,77,0,490,0,265,303,0.0100663557737741,0.000102717916058919,0.00544404955112271,0.00622470571317049
"2020/11/02","FO",48677,5,0,72,0,495,0,204,308,0.010169073689833,0.000102717916058919,0.0041908909752039,0.00632742362922941
"2020/11/09","FO",48677,2,0,63,0,497,0,125,310,0.0102101608562565,4.10871664235676e-05,0.00256794790147297,0.00636851079565298
"2020/11/16","FO",48677,1,0,38,0,498,0,114,310,0.0102307044394683,2.05435832117838e-05,0.00234196848614335,0.00636851079565298
"2020/11/23","FO",48677,2,0,26,0,500,0,89,309,0.0102717916058919,4.10871664235676e-05,0.00182837890584876,0.00634796721244119
"2020/11/30","FO",48677,2,0,25,0,502,0,89,311,0.0103128787723155,4.10871664235676e-05,0.00182837890584876,0.00638905437886476
"2020/12/07","FO",48677,8,0,25,0,510,0,87,285,0.0104772274380097,0.00016434866569427,0.00178729173942519,0.00585492121535838
"2020/12/14","FO",48677,18,0,38,0,528,0,94,237,0.0108470119358218,0.000369784497812108,0.00193109682190768,0.00486882922119276
"2020/12/21","FO",48677,18,0,51,0,546,0,86,174,0.011216796433634,0.000369784497812108,0.00176674815621341,0.00357458347885038
"2020/12/28","FO",48677,36,0,85,0,582,0,108,198,0.0119563654292582,0.000739568995624217,0.00221870698687265,0.00406762947593319
"2021/01/04","FO",48677,38,0,122,0,620,0,143,209,0.012737021591306,0.000780656162047784,0.00293773239928508,0.00429360889126281
"2021/01/11","FO",48677,26,1,146,1,646,1,161,233,0.0132711547548123,0.000534133163506379,0.00330751689709719,0.00478665488834562
