"date","countrycode2","population","cases","deaths","cases_prev_week","deaths_prev_week","cases_infected","cum_deaths","cases_contagious","cases_active","p_cases_infected","p_cases","p_cases_contagious","p_cases_active"
"2020/03/16","GH",30417858,2,0,2,0,2,0,2,2,6.57508493859101e-08,6.57508493859101e-08,6.57508493859101e-08,6.57508493859101e-08
"2020/03/23","GH",30417858,22,1,24,1,24,1,24,24,7.89010192630921e-07,7.23259343245011e-07,7.89010192630921e-07,7.89010192630921e-07
"2020/03/30","GH",30417858,128,4,152,5,152,5,152,152,4.99706455332917e-06,4.20805436069824e-06,4.99706455332917e-06,4.99706455332917e-06
"2020/04/06","GH",30417858,62,0,214,5,214,5,214,214,7.03534088429238e-06,2.03827633096321e-06,7.03534088429238e-06,7.03534088429238e-06
"2020/04/13","GH",30417858,352,3,566,8,566,8,566,566,1.86074903762126e-05,1.15721494919202e-05,1.86074903762126e-05,1.86074903762126e-05
"2020/04/20","GH",30417858,476,1,1042,9,1042,9,1042,1042,3.42561925300592e-05,1.56487021538466e-05,3.42561925300592e-05,3.42561925300592e-05
"2020/04/27","GH",30417858,508,2,1550,11,1550,11,1550,1550,5.09569082740803e-05,1.67007157440212e-05,5.09569082740803e-05,5.09569082740803e-05
"2020/05/04","GH",30417858,619,7,2167,18,2169,18,2169,2169,7.13067961590195e-05,2.03498878849392e-05,7.13067961590195e-05,7.13067961590195e-05
"2020/05/11","GH",30417858,2094,4,4239,21,4263,22,4263,4263,0.000140147935466067,6.88411393070479e-05,0.000140147935466067,0.000140147935466067
"2020/05/18","GH",30417858,1472,7,5583,24,5735,29,5735,5735,0.000188540560614097,4.83926251480298e-05,0.000188540560614097,0.000188540560614097
"2020/05/25","GH",30417858,948,3,6469,27,6683,32,6683,6683,0.000219706463223019,3.11659026089214e-05,0.000219706463223019,0.000219706463223019
"2020/06/01","GH",30417858,1387,4,7504,28,8070,36,8070,8070,0.000265304677272147,4.55982140491286e-05,0.000265304677272147,0.000265304677272147
"2020/06/08","GH",30417858,1568,8,8596,35,9638,44,9636,9638,0.000316853343190701,5.15486659185535e-05,0.000316787592341315,0.000316853343190701
"2020/06/15","GH",30417858,2326,10,10414,43,11964,54,11940,11964,0.000393321581026514,7.64682378358134e-05,0.000392532570833883,0.000393321581026514
"2020/06/22","GH",30417858,2190,31,11985,67,14154,85,14002,14154,0.000465318761104086,7.19971800775715e-05,0.000460321696550756,0.000465318761104086
"2020/06/29","GH",30417858,3197,27,13088,90,17351,112,17137,17351,0.000570421493847463,0.000105102732743377,0.00056338615296317,0.000570421493847463
"2020/07/06","GH",30417858,2734,10,14350,93,20085,122,19519,20085,0.000660302904958002,8.98814111105391e-05,0.000641695414581789,0.000660302904958002
"2020/07/13","GH",30417858,4433,17,17835,107,24518,139,23476,24518,0.000806039662621872,0.00014573675766387,0.000771783470091813,0.000806039662621872
"2020/07/20","GH",30417858,3149,9,19597,112,27667,148,26117,27665,0.000909564374979987,0.000103524712358115,0.000858607466705907,0.000909498624130601
"2020/07/27","GH",30417858,5302,20,23331,124,32969,168,30800,32945,0.00108386987670203,0.000174305501722048,0.00101256308054302,0.0010830808665094
"2020/08/03","GH",30417858,4045,14,25050,128,37014,182,32751,36862,0.00121685096958504,0.000132981092883003,0.00107670303411897,0.00121185390503171
"2020/08/10","GH",30417858,3989,33,26849,130,41003,215,35268,40789,0.00134799103868524,0.000131140069100198,0.00115945047807114,0.00134095569780094
"2020/08/17","GH",30417858,1529,16,25181,119,42532,231,35849,41966,0.00139825756304076,5.02665243555283e-05,0.00117855109981775,0.00137965007266455
"2020/08/24","GH",30417858,973,30,23420,139,43505,261,35435,42463,0.00143024535126701,3.19877882262453e-05,0.00116494067399486,0.00139598915873695
"2020/08/31","GH",30417858,700,15,19687,137,44205,276,34567,42655,0.00145325814855208,2.30127972850685e-05,0.00113640480536138,0.001402301240278
"2020/09/07","GH",30417858,572,7,17110,135,44777,283,32813,42608,0.00147206289147645,1.88047429243703e-05,0.00107874131044993,0.00140075609531743
"2020/09/14","GH",30417858,657,3,12465,118,45434,286,31280,41171,0.00149366204549972,2.15991540232715e-05,0.00102834328439563,0.00135351411003365
"2020/09/21","GH",30417858,570,11,8990,115,46004,297,28653,40269,0.0015124010375747,1.87389920749844e-05,0.000941979543727241,0.00132386047696061
"2020/09/28","GH",30417858,383,2,5384,84,46387,299,26302,39704,0.00152499232523211,1.25912876574018e-05,0.000864689420274103,0.00130528586200909
"2020/10/05","GH",30417858,442,4,4297,72,46829,303,22311,38759,0.00153952326294639,1.45309377142861e-05,0.00073348360032452,0.00127421858567424
"2020/10/12","GH",30417858,176,3,3500,45,47005,306,19338,37367,0.00154530933769235,5.78607474596009e-06,0.000635744962712365,0.00122845599450165
"2020/10/19","GH",30417858,305,4,3105,34,47310,310,14341,35346,0.0015553363422237,1.00270045313513e-05,0.000471466465521668,0.00116201476119719
"2020/10/26","GH",30417858,380,6,2913,33,47690,316,10676,33536,0.00156782900360703,1.24926613833229e-05,0.000350978034021988,0.00110251024250294
"2020/11/02","GH",30417858,434,4,2690,34,48124,320,7121,30773,0.00158209693792377,1.42679343167425e-05,0.000234105899238533,0.00101167544407631
"2020/11/09","GH",30417858,1078,0,3198,23,49202,320,6670,29117,0.00161753664574277,3.54397078190055e-05,0.00021927908270201,0.000957233740784772
"2020/11/16","GH",30417858,921,2,3736,23,50123,322,6618,25605,0.00164781491188499,3.02782661422116e-05,0.000217569560617976,0.000841775249263114
"2020/11/23","GH",30417858,751,1,4045,20,50874,323,6669,23207,0.00167250435582939,2.46894439444092e-05,0.000219246207277317,0.000762939980849408
"2020/11/30","GH",30417858,695,0,4564,17,51569,323,6792,18600,0.001695352775991,2.28484201616038e-05,0.000223289884514551,0.000611482899288964
"2020/12/07","GH",30417858,705,2,4964,15,52274,325,6840,15260,0.00171852995039953,2.31771744085333e-05,0.000224867904899812,0.000501678980814494
"2020/12/14","GH",30417858,740,2,5324,11,53014,327,7010,12011,0.00174285776467232,2.43278142727867e-05,0.000230456727097615,0.000394866725987083
"2020/12/21","GH",30417858,639,4,5529,11,53653,331,7266,11121,0.00176386516105112,2.10073963787983e-05,0.000238872835819011,0.000365607598010353
"2020/12/28","GH",30417858,850,2,5301,13,54503,333,7674,10998,0.00179180927204013,2.79441109890118e-05,0.000252286009093737,0.00036156392077312
"2021/01/04","GH",30417858,665,2,5045,13,55168,335,8163,10963,0.00181367142946094,2.18621574208151e-05,0.000268362091768592,0.000360413280908866
"2021/01/11","GH",30417858,1062,3,5356,15,56230,338,8920,11453,0.00184858513048486,3.49137010239183e-05,0.000293248788261159,0.000376522239008414
"2021/01/18","GH",30417858,1484,8,6145,23,57714,346,10024,12280,0.00189737226072921,4.87871302443453e-05,0.000329543257122181,0.000403710215229488
