"date","countrycode2","population","cases","deaths","cases_prev_week","deaths_prev_week","cases_infected","cum_deaths","cases_contagious","cases_active","p_cases_infected","p_cases","p_cases_contagious","p_cases_active"
"2020/03/23","GN",12771246,2,0,2,0,2,0,2,2,1.56601791242609e-07,1.56601791242609e-07,1.56601791242609e-07,1.56601791242609e-07
"2020/03/30","GN",12771246,6,0,8,0,8,0,8,8,6.26407164970434e-07,4.69805373727826e-07,6.26407164970434e-07,6.26407164970434e-07
"2020/04/06","GN",12771246,113,0,121,0,121,0,121,121,9.47440837017782e-06,8.84800120520739e-06,9.47440837017782e-06,9.47440837017782e-06
"2020/04/13","GN",12771246,129,0,250,0,250,0,250,250,1.95752239053261e-05,1.01008155351483e-05,1.95752239053261e-05,1.95752239053261e-05
"2020/04/20","GN",12771246,329,5,579,5,579,5,579,579,4.53362185647352e-05,2.57609946594091e-05,4.53362185647352e-05,4.53362185647352e-05
"2020/04/27","GN",12771246,515,2,1094,7,1094,7,1094,1094,8.56611798097069e-05,4.03249612449717e-05,8.56611798097069e-05,8.56611798097069e-05
"2020/05/04","GN",12771246,492,0,1586,7,1586,7,1586,1586,0.000124185220455389,3.85240406456817e-05,0.000124185220455389,0.000124185220455389
"2020/05/11","GN",12771246,560,4,2144,11,2146,11,2146,2146,0.000168033722003319,4.38485015479304e-05,0.000168033722003319,0.000168033722003319
"2020/05/18","GN",12771246,512,5,2650,16,2658,16,2658,2658,0.000208123780561427,4.00900585581078e-05,0.000208123780561427,0.000208123780561427
"2020/05/25","GN",12771246,617,4,3154,20,3275,20,3275,3275,0.000256435433159772,4.83116525983447e-05,0.000256435433159772,0.000256435433159772
"2020/06/01","GN",12771246,496,3,3521,23,3771,23,3771,3771,0.000295272677387939,3.88372442281669e-05,0.000295272677387939,0.000295272677387939
"2020/06/08","GN",12771246,394,0,3586,18,4165,23,4165,4165,0.000326123230262732,3.08505528747939e-05,0.000326123230262732,0.000326123230262732
"2020/06/15","GN",12771246,367,2,3438,18,4532,25,4530,4532,0.000354859658955751,2.87364286930187e-05,0.000354703057164508,0.000354859658955751
"2020/06/22","GN",12771246,456,2,3402,20,4988,27,4980,4988,0.000390564867359066,3.57052084033148e-05,0.000389938460194095,0.000390564867359066
"2020/06/29","GN",12771246,354,4,3196,20,5342,31,5221,5342,0.000418283384409008,2.77185170499417e-05,0.00040880897603883,0.000418283384409008
"2020/07/06","GN",12771246,268,3,2952,18,5610,34,5360,5610,0.000439268024435517,2.09846400265096e-05,0.000419692800530191,0.000439268024435517
"2020/07/13","GN",12771246,531,3,2866,17,6141,37,5562,6141,0.00048084580001043,4.15777755749126e-05,0.000435509581445694,0.00048084580001043
"2020/07/20","GN",12771246,403,2,2773,16,6544,39,5450,6544,0.000512401060945815,3.15552609353856e-05,0.000426739881136108,0.000512401060945815
"2020/07/27","GN",12771246,464,4,2843,20,7008,43,5422,7006,0.000548732676514101,3.63316155682852e-05,0.000424547456058712,0.000548576074722858
"2020/08/03","GN",12771246,356,3,2832,21,7364,46,5218,7356,0.000576607795355285,2.78751188411843e-05,0.000408574073351966,0.000575981388190314
"2020/08/10","GN",12771246,566,4,2942,23,7930,50,5272,7809,0.000620926102276943,4.43183069216582e-05,0.000412802321715516,0.000611451693906765
"2020/08/17","GN",12771246,552,1,3140,20,8482,51,5207,8232,0.000664148196659903,4.322209438296e-05,0.000407712763500131,0.000644572972754577
"2020/08/24","GN",12771246,485,2,3357,19,8967,53,5196,8388,0.000702124131036236,3.79759343763326e-05,0.000406851453648297,0.0006567879124715
"2020/08/31","GN",12771246,404,6,3230,22,9371,59,5206,8277,0.000733757692867243,3.16335618310069e-05,0.00040763446260451,0.000648096513057536
"2020/09/07","GN",12771246,351,2,3178,22,9722,61,5190,8136,0.00076124130723032,2.74836143630778e-05,0.000406381648274569,0.000637056086774932
"2020/09/14","GN",12771246,298,2,3012,20,10020,63,5032,7874,0.000784574974125469,2.33336668951487e-05,0.000394010106766403,0.00061654125212215
"2020/09/21","GN",12771246,305,1,2961,18,10325,64,4983,7667,0.000808456747289967,2.38817731644978e-05,0.000390173362880959,0.00060033296672854
"2020/09/28","GN",12771246,255,2,2650,16,10580,66,4970,7305,0.000828423475673399,1.99667283834326e-05,0.000389155451237882,0.000571988042513628
"2020/10/05","GN",12771246,174,0,2272,15,10754,66,4613,6983,0.000842047831511506,1.36243558381069e-05,0.000361202031501077,0.000546775154123568
"2020/10/12","GN",12771246,268,3,2055,16,11022,69,4478,6857,0.000863032471538016,2.09846400265096e-05,0.000350631410592201,0.000536909241275284
"2020/10/19","GN",12771246,496,1,2147,11,11518,70,4510,6986,0.000901869715766183,3.88372442281669e-05,0.000353137039252082,0.000547010056810432
"2020/10/26","GN",12771246,151,1,1947,10,11669,71,4305,6681,0.000913693151005,1.18234352388169e-05,0.000337085355649715,0.000523128283645934
"2020/11/02","GN",12771246,526,2,2175,10,12195,73,4265,6853,0.000954879422101806,4.11862710968061e-05,0.000333953319824863,0.000536596037692798
"2020/11/09","GN",12771246,231,1,2101,10,12426,74,3944,6816,0.000972966928990327,1.80875068885213e-05,0.000308818732330424,0.00053369890455481
"2020/11/16","GN",12771246,185,1,2031,9,12611,75,3644,6470,0.000987452594680269,1.44856656899413e-05,0.000285328463644033,0.000506606794669839
"2020/11/23","GN",12771246,215,0,2072,9,12826,75,3455,6282,0.00100428728723885,1.68346925585804e-05,0.000270529594371606,0.000491886226293034
"2020/11/30","GN",12771246,213,1,2017,7,13039,76,3317,6031,0.00102096537800619,1.66780907673378e-05,0.000259724070775866,0.000472232701492086
"2020/12/07","GN",12771246,194,0,1715,6,13233,76,3213,5869,0.00103615575175672,1.5190373750533e-05,0.000251580777631251,0.000459547956401435
"2020/12/14","GN",12771246,224,4,1788,9,13457,80,3132,5527,0.00105369515237589,1.75394006191722e-05,0.000245238405085925,0.000432769050098949
"2020/12/21","GN",12771246,93,0,1355,7,13550,80,2970,5068,0.00106097713566867,7.2819832927813e-06,0.000232553659995274,0.00039682893900877
"2020/12/28","GN",12771246,138,0,1262,6,13688,80,2934,4721,0.00107178265926441,1.080552359574e-05,0.000229734827752907,0.000369658528228178
"2021/01/04","GN",12771246,111,1,1188,6,13799,81,2777,4428,0.00108047405867838,8.69139941396478e-06,0.000217441587140362,0.000346716365811135
"2021/01/11","GN",12771246,190,0,1163,6,13989,81,2471,4267,0.00109535122884643,1.48771701680478e-05,0.000193481513080243,0.000334109921616105
"2021/01/18","GN",12771246,183,0,1133,5,14172,81,2503,4152,0.00110968029274512,1.43290638986987e-05,0.000195987141740125,0.000325105318619655
