"date","countrycode2","population","cases","deaths","cases_prev_week","deaths_prev_week","cases_infected","cum_deaths","cases_contagious","cases_active","p_cases_infected","p_cases","p_cases_contagious","p_cases_active"
"2020/01/06","GR",10724599,0,0,0,0,0,0,0,0,0,0,0,0
"2020/01/13","GR",10724599,0,0,0,0,0,0,0,0,0,0,0,0
"2020/01/20","GR",10724599,0,0,0,0,0,0,0,0,0,0,0,0
"2020/01/27","GR",10724599,0,0,0,0,0,0,0,0,0,0,0,0
"2020/02/03","GR",10724599,0,0,0,0,0,0,0,0,0,0,0,0
"2020/02/10","GR",10724599,0,0,0,0,0,0,0,0,0,0,0,0
"2020/02/17","GR",10724599,0,0,0,0,0,0,0,0,0,0,0,0
"2020/02/24","GR",10724599,0,0,0,0,0,0,0,0,0,0,0,0
"2020/03/02","GR",10724599,7,0,7,0,7,0,7,7,6.52705056851077e-07,6.52705056851077e-07,6.52705056851077e-07,6.52705056851077e-07
"2020/03/09","GR",10724599,66,0,73,0,73,0,73,73,6.80678130716123e-06,6.15407625031015e-06,6.80678130716123e-06,6.80678130716123e-06
"2020/03/16","GR",10724599,258,4,331,4,331,4,331,331,3.08636248311009e-05,2.40568435239397e-05,3.08636248311009e-05,3.08636248311009e-05
"2020/03/23","GR",10724599,293,11,624,15,624,15,624,624,5.8183993639296e-05,2.73203688081951e-05,5.8183993639296e-05,5.8183993639296e-05
"2020/03/30","GR",10724599,532,23,1156,38,1156,38,1156,1156,0.000107789577959978,4.96055843206818e-05,0.000107789577959978,0.000107789577959978
"2020/04/06","GR",10724599,579,35,1735,73,1735,73,1735,1735,0.000161777610519517,5.39880325595391e-05,0.000161777610519517,0.000161777610519517
"2020/04/13","GR",10724599,379,25,2114,98,2114,98,2114,2114,0.000197116927169025,3.53393166495083e-05,0.000197116927169025,0.000197116927169025
"2020/04/20","GR",10724599,121,12,2228,110,2235,110,2235,2235,0.000208399400294594,1.12824731255686e-05,0.000208399400294594,0.000208399400294594
"2020/04/27","GR",10724599,271,20,2433,130,2506,130,2506,2506,0.000233668410352685,2.52690100580917e-05,0.000233668410352685,0.000233668410352685
"2020/05/04","GR",10724599,120,14,2295,140,2626,144,2626,2626,0.000244857639898704,1.11892295460185e-05,0.000244857639898704,0.000244857639898704
"2020/05/11","GR",10724599,90,7,2092,136,2716,151,2716,2716,0.000253249562058218,8.39192215951384e-06,0.000253249562058218,0.000253249562058218
"2020/05/18","GR",10724599,118,12,1678,125,2834,163,2834,2834,0.000264252304445136,1.10027423869181e-05,0.000264252304445136,0.000264252304445136
"2020/05/25","GR",10724599,44,8,1143,98,2878,171,2871,2878,0.000268355021945343,4.10271750020677e-06,0.000267702316888492,0.000268355021945343
"2020/06/01","GR",10724599,39,4,803,77,2917,175,2844,2917,0.000271991521547799,3.636499602456e-06,0.000265184740240637,0.000271991521547799
"2020/06/08","GR",10724599,80,5,762,70,2997,180,2666,2997,0.000279451007911811,7.4594863640123e-06,0.00024858738308071,0.000279451007911811
"2020/06/15","GR",10724599,124,3,615,53,3121,183,2497,3121,0.00029101321177603,1.15622038642191e-05,0.000232829218136734,0.00029101321177603
"2020/06/22","GR",10724599,145,7,640,46,3266,190,2110,3266,0.000304533530810802,1.35203190347723e-05,0.000196743952850825,0.000304533530810802
"2020/06/29","GR",10724599,110,1,660,40,3376,191,1641,3376,0.000314790324561319,1.02567937505169e-05,0.000153012714041802,0.000314790324561319
"2020/07/06","GR",10724599,143,1,685,29,3519,192,1405,3512,0.000328124156436991,1.3333831875672e-05,0.000131007229267966,0.00032747145138014
"2020/07/13","GR",10724599,284,1,925,22,3803,193,1568,3730,0.000354605333029235,2.64811765922437e-05,0.000146205932734641,0.000347798551722074
"2020/07/20","GR",10724599,204,1,1090,19,4007,194,1501,3676,0.000373627023257466,1.90216902282314e-05,0.000139958612904781,0.000342763398426365
"2020/07/27","GR",10724599,186,8,1196,22,4193,202,1567,3569,0.000390970329053795,1.73433057963286e-05,0.000146112689155091,0.000332786335414499
"2020/08/03","GR",10724599,469,6,1541,25,4662,208,1946,3506,0.000434701567862817,4.37312388090221e-05,0.000181452005804599,0.000326911989902839
"2020/08/10","GR",10724599,961,4,2357,22,5623,212,2789,3888,0.000524308647810515,8.96070799476978e-05,0.000260056343365379,0.000362531037290998
"2020/08/17","GR",10724599,1452,16,3699,37,7075,228,4197,4961,0.000659698325317338,0.000135389677506823,0.000391343303371996,0.000462581398148313
"2020/08/24","GR",10724599,1589,14,5145,50,8664,242,5747,6429,0.000807862373222533,0.000148164047905194,0.000535870851674734,0.000599462972927939
"2020/08/31","GR",10724599,1470,20,6331,69,10134,262,7137,7628,0.000944930435161259,0.000137068061938726,0.000665479427249448,0.000711262024808573
"2020/09/07","GR",10724599,1390,22,7517,90,11524,284,8403,8898,0.00107453901073597,0.000129608575574714,0.000783525798959942,0.000829681370837269
"2020/09/14","GR",10724599,1716,21,9047,103,13240,305,9974,10524,0.00123454499324404,0.000160005982508064,0.000930011462433234,0.000981295431185819
"2020/09/21","GR",10724599,1902,33,10480,130,15142,338,11766,12308,0.00141189428154843,0.000177349288304393,0.00109710395698711,0.00114764197710329
"2020/09/28","GR",10724599,2302,41,11821,167,17444,379,13925,14566,0.00162654100167288,0.000214646720124454,0.00129841684523589,0.00135818597972754
"2020/10/05","GR",10724599,2398,30,12767,181,19842,409,16039,16925,0.00185013910543415,0.000223598103761269,0.00149553377240492,0.00157814758388635
"2020/10/12","GR",10724599,2516,40,13694,207,22358,449,18351,19361,0.00208473995158234,0.000234600846148187,0.00171111292832487,0.00180528894367053
"2020/10/19","GR",10724599,3012,60,15236,247,25370,509,21177,22249,0.0023655896131874,0.000280849661605063,0.00197461928413361,0.00207457640141137
"2020/10/26","GR",10724599,5412,65,19258,290,30782,574,26120,27516,0.00287022386571283,0.000504634252525432,0.00243552229785002,0.00256569033490203
"2020/11/02","GR",10724599,10147,61,27689,330,40929,635,35306,37553,0.00381636646740825,0.000946142601695411,0.00329205781959773,0.00350157614284693
"2020/11/09","GR",10724599,15769,149,41556,446,56698,784,49623,53179,0.00528672447333462,0.00147035800592638,0.00462702614801728,0.00495860031689763
"2020/11/16","GR",10724599,17507,322,56761,727,74205,1106,65541,70402,0.00691913982051916,0.00163241534718454,0.00611127744729663,0.00656453448748993
"2020/11/23","GR",10724599,17414,524,71777,1221,91619,1630,81485,87612,0.00854288351480554,0.00162374369428638,0.00759795307964428,0.00816925649154808
"2020/11/30","GR",10724599,12608,691,81869,1872,104227,2321,92703,100034,0.00971849856577388,0.00117561505096834,0.00864395955503791,0.00932752823672009
"2020/12/07","GR",10724599,11244,682,90101,2494,115471,3003,102231,110809,0.0107669293742358,0.00104843080846193,0.00953238438099177,0.010332227806373
"2020/12/14","GR",10724599,9063,622,93752,3051,124534,3625,109392,118911,0.0116119959356989,0.000845066561463044,0.0102001016541504,0.0110876872878883
"2020/12/21","GR",10724599,6538,547,90143,3537,131072,4172,113628,123997,0.0122216224587978,0.000609626523098906,0.0105950814571249,0.0115619241334804
"2020/12/28","GR",10724599,4859,500,79233,3888,135931,4672,116089,127267,0.012674693011832,0.000453070553034197,0.0108245539063978,0.0118668306386094
"2021/01/04","GR",10724599,4168,285,65894,3851,140099,4957,117741,129965,0.013063332251397,0.000388639239565041,0.0109785922998147,0.0121184018162357
"2021/01/11","GR",10724599,4639,306,53119,3633,144738,5263,119368,133214,0.0134958892169302,0.000432556965533164,0.0111302996037428,0.0124213502061942
