"date","countrycode2","population","cases","deaths","cases_prev_week","deaths_prev_week","cases_infected","cum_deaths","cases_contagious","cases_active","p_cases_infected","p_cases","p_cases_contagious","p_cases_active"
"2020/01/06","IR",82913893,0,0,0,0,0,0,0,0,0,0,0,0
"2020/01/13","IR",82913893,0,0,0,0,0,0,0,0,0,0,0,0
"2020/01/20","IR",82913893,0,0,0,0,0,0,0,0,0,0,0,0
"2020/01/27","IR",82913893,0,0,0,0,0,0,0,0,0,0,0,0
"2020/02/03","IR",82913893,0,0,0,0,0,0,0,0,0,0,0,0
"2020/02/10","IR",82913893,0,0,0,0,0,0,0,0,0,0,0,0
"2020/02/17","IR",82913893,0,0,0,0,0,0,0,0,0,0,0,0
"2020/02/24","IR",82913893,43,8,43,8,43,8,43,43,5.18610312990611e-07,5.18610312990611e-07,5.18610312990611e-07,5.18610312990611e-07
"2020/03/02","IR",82913893,935,46,978,54,978,54,978,978,1.17953694442981e-05,1.12767591313075e-05,1.17953694442981e-05,1.17953694442981e-05
"2020/03/09","IR",82913893,5588,140,6566,194,6566,194,6566,6566,7.91905887231709e-05,6.73952192788728e-05,7.91905887231709e-05,7.91905887231709e-05
"2020/03/16","IR",82913893,7372,530,13938,724,13938,724,13938,13938,0.000168102105638677,8.89115169155065e-05,0.000168102105638677,0.000168102105638677
"2020/03/23","IR",82913893,7700,961,21638,1685,21638,1685,21638,21638,0.000260969533778857,9.28674281401791e-05,0.000260969533778857,0.000260969533778857
"2020/03/30","IR",82913893,16671,955,38309,2640,38309,2640,38309,38309,0.000462033546054821,0.000201064012275964,0.000462033546054821,0.000462033546054821
"2020/04/06","IR",82913893,19917,963,58226,3603,58226,3603,58226,58226,0.0007022466066091,0.000240213060554279,0.0007022466066091,0.0007022466066091
"2020/04/13","IR",82913893,13460,871,71643,4466,71686,4474,71686,71686,0.000864583695280114,0.000162337088671014,0.000864583695280114,0.000864583695280114
"2020/04/20","IR",82913893,10525,644,81233,5064,82211,5118,82211,82211,0.000991522614913281,0.000126938919633167,0.000991522614913281,0.000991522614913281
"2020/04/27","IR",82913893,8270,592,83915,5516,90481,5710,90481,90481,0.00109126464487682,9.9742029963543e-05,0.00109126464487682,0.00109126464487682
"2020/05/04","IR",82913893,6943,493,83486,5479,97424,6203,97424,97424,0.00117500211936738,8.37374744905537e-05,0.00117500211936738,0.00117500211936738
"2020/05/11","IR",82913893,10179,437,85965,4955,107603,6640,107603,107603,0.00129776803508671,0.000122765915719335,0.00129776803508671,0.00129776803508671
"2020/05/18","IR",82913893,12595,348,81889,4348,120198,6988,120155,120198,0.00144967261397315,0.000151904578886436,0.00144915400366016,0.00144967261397315
"2020/05/25","IR",82913893,15503,429,77475,3814,135701,7417,134723,135701,0.00163664972286369,0.000186977108890545,0.0016248543534194,0.00163664972286369
"2020/06/01","IR",82913893,15765,380,79780,3323,151466,7797,144900,151466,0.001826786736452,0.000190137013588302,0.00174759614772883,0.001826786736452
"2020/06/08","IR",82913893,20323,484,89578,3163,171789,8281,157851,171789,0.0020718964432173,0.000245109706765307,0.00190379433757863,0.0020718964432173
"2020/06/15","IR",82913893,15638,556,96946,3127,187427,8837,165789,187427,0.00226050174727654,0.000188605304059237,0.00199953221349768,0.00226050174727654
"2020/06/22","IR",82913893,17525,786,107528,3420,204952,9623,166643,204952,0.0024718656015826,0.000211363854306057,0.00200983205552778,0.0024718656015826
"2020/06/29","IR",82913893,17717,885,115066,3868,222669,10508,164443,222626,0.00268554511123968,0.000213679509657085,0.00198329850463058,0.00268502650092669
"2020/07/06","IR",82913893,17769,1063,120240,4583,240438,11571,168752,239460,0.00289985177755434,0.000214306666314655,0.00203526808227422,0.00288805640811004
"2020/07/13","IR",82913893,16865,1258,121602,5412,257303,12829,175092,250737,0.00310325556659123,0.000203403789036899,0.00211173295167795,0.00302406497786806
"2020/07/20","IR",82913893,16485,1359,122322,6391,273788,14188,183307,259850,0.00330207628774589,0.000198820721154656,0.00221081164286907,0.00313397418210721
"2020/07/27","IR",82913893,17384,1512,119383,7419,291172,15700,193748,269534,0.00351173958265354,0.000209663294907646,0.00233673746328616,0.00325077004887468
"2020/08/03","IR",82913893,18265,1490,122010,8353,309437,17190,201834,271128,0.00373202835862501,0.000220288775971477,0.0024342603235383,0.00326999481257019
"2020/08/10","IR",82913893,17275,1237,121760,8804,326712,18427,206514,268486,0.00394037703669275,0.00020834867806774,0.0024907044227196,0.00323813043008365
"2020/08/17","IR",82913893,16491,1212,120534,9131,343203,19639,207502,271517,0.00413927012207713,0.000198893085384376,0.00250262039921343,0.00327468642679701
"2020/08/24","IR",82913893,15702,1004,118467,9072,358905,20643,207439,276694,0.00432864731125337,0.000189377189176246,0.00250186057480138,0.00333712469634009
"2020/08/31","IR",82913893,14665,819,116267,8633,373570,21462,201781,283089,0.00450551754939308,0.000176870238139705,0.00243362110617578,0.00341425290451626
"2020/09/07","IR",82913893,13088,831,112870,8105,386658,22293,199231,289234,0.00466336805582148,0.000157850506428398,0.00240286630854494,0.0034883659364541
"2020/09/14","IR",82913893,15371,864,110857,7457,402029,23157,197077,294426,0.00484875315165819,0.000185385095836713,0.00237688755007559,0.00355098511657148
"2020/09/21","IR",82913893,20111,1144,112703,7111,422140,24301,199471,301942,0.0050913059889734,0.000242552837315213,0.00240576087773372,0.00364163337500025
"2020/09/28","IR",82913893,24308,1288,119736,7162,446448,25589,206010,310747,0.00538447760497749,0.000293171616004088,0.00248462582742316,0.0037478278821138
"2020/10/05","IR",82913893,25324,1368,128569,7318,471772,26957,214469,320306,0.0056899028972141,0.00030542529223661,0.00258664733062287,0.00386311616076211
"2020/10/12","IR",82913893,28303,1587,141170,7901,500075,28544,226287,328286,0.0060312570295065,0.000341354132292401,0.00272918074176061,0.0039593605862892
"2020/10/19","IR",82913893,30305,1831,156810,8913,530380,30375,239208,342953,0.00639675669311535,0.000365499663608848,0.00288501711046181,0.00413625494583881
"2020/10/26","IR",82913893,38516,2241,182238,10323,568896,32616,259459,363944,0.0068612868050955,0.000464530111980148,0.00312925844647048,0.0043894212035129
"2020/11/02","IR",82913893,51595,2682,218462,12141,620491,35298,293779,397822,0.00748355887715946,0.000622272072063966,0.00354318184046671,0.00479801376591978
"2020/11/09","IR",82913893,61995,2993,260346,13990,682486,38291,339283,442048,0.00823126228073744,0.000747703403577975,0.00409199215866031,0.0053314105031831
"2020/11/16","IR",82913893,79582,3202,315620,15904,762068,41493,403163,504765,0.00919107730232857,0.000959815021591134,0.0048624299910752,0.00608782173573734
"2020/11/23","IR",82913893,92293,3309,382589,17845,854361,44802,480791,580573,0.0103041959445807,0.00111311864225215,0.00579867839518764,0.00700211965683483
"2020/11/30","IR",82913893,94388,3073,448674,19331,948749,47875,562091,657577,0.01144258176371,0.00113838581912925,0.0067792137078885,0.00793084218105644
"2020/12/07","IR",82913893,91798,2435,510167,19935,1040547,50310,638518,731110,0.0125497303570103,0.00110714859330028,0.00770097720535206,0.00881770199838524
"2020/12/14","IR",82913893,67722,1886,539373,19580,1108269,52196,686129,781557,0.0133665054178556,0.000816775060845352,0.0082751994288822,0.00942612838116285
