"date","countrycode2","population","cases","deaths","cases_prev_week","deaths_prev_week","cases_infected","cum_deaths","cases_contagious","cases_active","p_cases_infected","p_cases","p_cases_contagious","p_cases_active"
"2020/01/06","IS",356991,0,0,0,0,0,0,0,0,0,0,0,0
"2020/01/13","IS",356991,0,0,0,0,0,0,0,0,0,0,0,0
"2020/01/20","IS",356991,0,0,0,0,0,0,0,0,0,0,0,0
"2020/01/27","IS",356991,0,0,0,0,0,0,0,0,0,0,0,0
"2020/02/03","IS",356991,0,0,0,0,0,0,0,0,0,0,0,0
"2020/02/10","IS",356991,0,0,0,0,0,0,0,0,0,0,0,0
"2020/02/17","IS",356991,0,0,0,0,0,0,0,0,0,0,0,0
"2020/02/24","IS",356991,0,0,0,0,0,0,0,0,0,0,0,0
"2020/03/02","IS",356991,3,0,3,0,3,0,3,3,8.40357319932435e-06,8.40357319932435e-06,8.40357319932435e-06,8.40357319932435e-06
"2020/03/09","IS",356991,52,0,55,0,55,0,55,55,0.00015406550865428,0.000145661935454955,0.00015406550865428,0.00015406550865428
"2020/03/16","IS",356991,123,0,178,0,178,0,178,178,0.000498612009826578,0.000344546501172298,0.000498612009826578,0.000498612009826578
"2020/03/23","IS",356991,390,1,568,1,568,1,568,568,0.00159107652573874,0.00109246451591217,0.00159107652573874,0.00159107652573874
"2020/03/30","IS",356991,452,1,1020,2,1020,2,1020,1020,0.00285721488777028,0.00126613836203154,0.00285721488777028,0.00285721488777028
"2020/04/06","IS",356991,466,2,1486,4,1486,4,1486,1486,0.004162569924732,0.00130535503696172,0.004162569924732,0.004162569924732
"2020/04/13","IS",356991,215,4,1701,8,1701,8,1701,1701,0.00476482600401691,0.000602256079284912,0.00476482600401691,0.00476482600401691
"2020/04/20","IS",356991,70,1,1768,9,1771,9,1771,1771,0.00496090937866781,0.000196083374650902,0.00496090937866781,0.00496090937866781
"2020/04/27","IS",356991,21,1,1737,10,1792,10,1792,1792,0.00501973439106308,5.88250123952705e-05,0.00501973439106308,0.00501973439106308
"2020/05/04","IS",356991,7,0,1621,10,1799,10,1799,1799,0.00503934272852817,1.96083374650902e-05,0.00503934272852817,0.00503934272852817
"2020/05/11","IS",356991,2,0,1233,9,1801,10,1801,1801,0.00504494511066105,5.6023821328829e-06,0.00504494511066105,0.00504494511066105
"2020/05/18","IS",356991,1,0,782,8,1802,10,1802,1802,0.00504774630172749,2.80119106644145e-06,0.00504774630172749,0.00504774630172749
"2020/05/25","IS",356991,2,0,318,6,1804,10,1801,1804,0.00505334868386038,5.6023821328829e-06,0.00504494511066105,0.00505334868386038
"2020/06/01","IS",356991,2,0,105,2,1806,10,1751,1806,0.00505895106599326,5.6023821328829e-06,0.00490488555733898,0.00505895106599326
"2020/06/08","IS",356991,1,0,36,1,1807,10,1629,1807,0.0050617522570597,2.80119106644145e-06,0.00456314024723312,0.0050617522570597
"2020/06/15","IS",356991,3,0,18,0,1810,10,1242,1810,0.00507015583025903,8.40357319932435e-06,0.00347907930452028,0.00507015583025903
"2020/06/22","IS",356991,5,0,16,0,1815,10,795,1815,0.00508416178559123,1.40059553322073e-05,0.00222694689782095,0.00508416178559123
"2020/06/29","IS",356991,6,0,20,0,1821,10,335,1821,0.00510096893198988,1.68071463986487e-05,0.000938399007257886,0.00510096893198988
"2020/07/06","IS",356991,9,0,28,0,1830,10,129,1827,0.00512617965158786,2.52107195979731e-05,0.000361353647570947,0.00511777607838853
"2020/07/13","IS",356991,3,0,29,0,1833,10,62,1778,0.00513458322478718,8.40357319932435e-06,0.00017367384611937,0.0049805177161329
"2020/07/20","IS",356991,6,0,33,0,1839,10,47,1661,0.00515139037118583,1.68071463986487e-05,0.000131655980122748,0.00465277836135925
"2020/07/27","IS",356991,8,0,40,0,1847,10,48,1279,0.00517379989971736,2.24095285315316e-05,0.00013445717118919,0.00358272337397862
"2020/08/03","IS",356991,60,0,97,0,1907,10,106,887,0.00534187136370385,0.000168071463986487,0.000296926253042794,0.00248465647593357
"2020/08/10","IS",356991,51,0,143,0,1958,10,156,472,0.00548473210809236,0.000142860744388514,0.000436985806364866,0.00132216218336036
"2020/08/17","IS",356991,53,0,190,0,2011,10,207,310,0.00563319523461376,0.000148463126521397,0.00057984655075338,0.00086836923059685
"2020/08/24","IS",356991,53,0,234,0,2064,10,258,293,0.00578165836113516,0.000148463126521397,0.000722707295141894,0.000820748982467345
"2020/08/31","IS",356991,41,0,272,0,2105,10,298,313,0.00589650719485925,0.000114848833724099,0.000834754937799552,0.000876772803796174
"2020/09/07","IS",356991,36,0,302,0,2141,10,331,342,0.00599735007325115,0.000100842878391892,0.00092719424299212,0.000958007344722976
"2020/09/14","IS",356991,24,0,318,0,2165,10,350,364,0.00606457865884574,6.72285855945948e-05,0.000980416873254508,0.00101963354818469
"2020/09/21","IS",356991,181,0,439,0,2346,10,525,544,0.00657159424187164,0.000507015583025903,0.00147062530988176,0.00152384794014415
"2020/09/28","IS",356991,277,0,665,0,2623,10,793,819,0.00734752416727593,0.000775929925404282,0.00222134451568807,0.00229417548341555
"2020/10/05","IS",356991,298,0,910,0,2921,10,1088,1115,0.00818227910507548,0.000834754937799552,0.0030476958802883,0.00312332803908222
"2020/10/12","IS",356991,605,0,1462,0,3526,10,1687,1719,0.00987699970027256,0.00169472059519708,0.00472560932908673,0.00481524744321285
"2020/10/19","IS",356991,529,1,1950,1,4055,11,2208,2245,0.0113588297744201,0.00148183007414753,0.00618502987470272,0.00628867394416106
"2020/10/26","IS",356991,393,0,2307,1,4448,11,2541,2633,0.0124596978635316,0.00110086808911149,0.00711782649982773,0.00737553607794034
"2020/11/02","IS",356991,442,1,2725,2,4890,12,2932,3069,0.0136978243148987,0.00123812645136712,0.00821309220680633,0.00859685538290881
"2020/11/09","IS",356991,188,8,2732,10,5078,20,3067,3248,0.0142244482353897,0.000526623920490993,0.00859125300077593,0.00909826858380183
"2020/11/16","IS",356991,111,5,2566,15,5189,25,3125,3356,0.0145353804437647,0.000310932208375001,0.00875372208262953,0.00940079721897751
"2020/11/23","IS",356991,88,1,2356,16,5277,26,3172,3438,0.0147818852576115,0.000246504813846848,0.00888537806275228,0.00963049488642571
"2020/11/30","IS",356991,104,0,1855,16,5381,26,3240,3534,0.0150732091285214,0.000291323870909911,0.0090758590552703,0.00989940922880409
"2020/12/07","IS",356991,101,1,1427,16,5482,27,3317,3575,0.015356129426232,0.000282920297710587,0.00929155076738629,0.0100142580625282
"2020/12/14","IS",356991,75,1,1109,17,5557,28,3211,3599,0.0155662187562151,0.000210089329983109,0.0089946245143435,0.0100814866481228
"2020/12/21","IS",356991,85,0,752,16,5642,28,3019,3631,0.0158043199968627,0.000238101240647523,0.00845679582958674,0.0101711247622489
"2020/12/28","IS",356991,84,0,648,8,5726,28,2805,3662,0.0160396200464437,0.000235300049581082,0.00785734094136827,0.0102579616853086
"2021/01/04","IS",356991,28,1,565,4,5754,29,2228,3649,0.0161180533963041,7.84333498603606e-05,0.00624105369603155,0.0102215462014449
"2021/01/11","IS",356991,144,0,621,3,5898,29,1843,3757,0.0165214249098717,0.000403371513567569,0.00516259513545159,0.0105240748366205
"2021/01/18","IS",356991,72,0,589,3,5970,29,1522,3805,0.0167231106666555,0.000201685756783784,0.00426341280312389,0.0106585320078097
