"date","countrycode2","population","cases","deaths","cases_prev_week","deaths_prev_week","cases_infected","cum_deaths","cases_contagious","cases_active","p_cases_infected","p_cases","p_cases_contagious","p_cases_active"
"2020/03/16","JO",10101697,15,0,15,0,15,0,15,15,1.48489902241178e-06,1.48489902241178e-06,1.48489902241178e-06,1.48489902241178e-06
"2020/03/23","JO",10101697,84,0,99,0,99,0,99,99,9.80033354791774e-06,8.31543452550596e-06,9.80033354791774e-06,9.80033354791774e-06
"2020/03/30","JO",10101697,160,1,259,1,259,1,259,259,2.56392564536434e-05,1.58389229057256e-05,2.56392564536434e-05,2.56392564536434e-05
"2020/04/06","JO",10101697,86,4,345,5,345,5,345,345,3.41526775154709e-05,8.51342106182753e-06,3.41526775154709e-05,3.41526775154709e-05
"2020/04/13","JO",10101697,44,2,389,7,389,7,389,389,3.85083813145455e-05,4.35570379907455e-06,3.85083813145455e-05,3.85083813145455e-05
"2020/04/20","JO",10101697,28,0,417,7,417,7,417,417,4.12801928230475e-05,2.77181150850199e-06,4.12801928230475e-05,4.12801928230475e-05
"2020/04/27","JO",10101697,30,0,447,7,447,7,447,447,4.4249990867871e-05,2.96979804482356e-06,4.4249990867871e-05,4.4249990867871e-05
"2020/05/04","JO",10101697,14,2,446,9,461,9,461,461,4.5635896622122e-05,1.38590575425099e-06,4.5635896622122e-05,4.5635896622122e-05
"2020/05/11","JO",10101697,79,0,441,9,540,9,540,540,5.3456364806824e-05,7.82046818470204e-06,5.3456364806824e-05,5.3456364806824e-05
"2020/05/18","JO",10101697,73,0,354,8,613,9,613,613,6.06828733825614e-05,7.22650857573732e-06,6.06828733825614e-05,6.06828733825614e-05
"2020/05/25","JO",10101697,95,0,363,4,708,9,708,708,7.0087233857836e-05,9.4043604752746e-06,7.0087233857836e-05,7.0087233857836e-05
"2020/06/01","JO",10101697,31,0,350,2,739,9,739,739,7.31560251708203e-05,3.06879131298434e-06,7.31560251708203e-05,7.31560251708203e-05
"2020/06/08","JO",10101697,69,0,391,2,808,9,793,808,7.99865606739145e-05,6.83053550309418e-06,7.85016616515027e-05,7.99865606739145e-05
"2020/06/15","JO",10101697,153,0,514,2,961,9,862,961,9.51325307025146e-05,1.51459700286001e-05,8.53321971545969e-05,9.51325307025146e-05
"2020/06/22","JO",10101697,72,0,572,0,1033,9,774,1033,0.000102260046010091,7.12751530757654e-06,7.66207895564478e-05,0.000102260046010091
"2020/06/29","JO",10101697,88,0,581,0,1121,9,776,1121,0.00011097145360824,8.7114075981491e-06,7.68187760927694e-05,0.00011097145360824
"2020/07/06","JO",10101697,43,1,551,1,1164,10,775,1164,0.000115228164139154,4.25671053091377e-06,7.67197828246086e-05,0.000115228164139154
"2020/07/13","JO",10101697,15,0,471,1,1179,10,762,1179,0.000116713063161566,1.48489902241178e-06,7.54328703385184e-05,0.000116713063161566
"2020/07/20","JO",10101697,39,1,479,2,1218,11,771,1203,0.000120573800619836,3.86073745827063e-06,7.63238097519654e-05,0.000119088901597425
"2020/07/27","JO",10101697,-50,0,360,2,1168,11,707,1069,0.000115624137211797,4.94966340803926e-06,6.99882405896752e-05,0.000105823803663879
"2020/08/03","JO",10101697,45,0,252,2,1213,11,673,954,0.000120078834279033,4.45469706723534e-06,6.66224694722085e-05,9.44395778253891e-05
"2020/08/10","JO",10101697,39,0,219,2,1252,11,639,907,0.000123939571737303,3.86073745827063e-06,6.32566983547418e-05,8.97868942218322e-05
"2020/08/17","JO",10101697,126,0,257,2,1378,11,670,989,0.000136412723525562,1.24731517882589e-05,6.63254896677261e-05,9.79043422110166e-05
"2020/08/24","JO",10101697,231,1,445,2,1609,12,870,1192,0.000159280168470703,2.28674449451414e-05,8.61241432998832e-05,0.000117999975647656
"2020/08/31","JO",10101697,357,3,787,5,1966,15,1158,1519,0.000194620765204104,3.53405967334003e-05,0.000114634204530189,0.000150370774336233
"2020/09/07","JO",10101697,445,1,1193,5,2411,16,1450,1950,0.000238672769535653,4.40520043315494e-05,0.000143540238833139,0.000193036872913531
"2020/09/14","JO",10101697,903,8,2146,13,3314,24,2281,2774,0.000328063690684842,8.93909211491891e-05,0.000225803644674751,0.000274607325878018
"2020/09/21","JO",10101697,1465,6,3566,19,4779,30,3658,4166,0.000473088828540393,0.00014502513785555,0.000362117374932153,0.000412405955157831
"2020/09/28","JO",10101697,3713,15,7240,34,8492,45,7328,7784,0.000840650833221388,0.000367562004680996,0.000725422669082234,0.000770563599363552
"2020/10/05","JO",10101697,7148,56,14262,90,15640,101,14461,14901,0.00154825471403468,0.000707603880813293,0.00143154165087312,0.00147509868886386
"2020/10/12","JO",10101697,9286,90,23317,179,24926,191,23708,24118,0.00246750620217573,0.000919251488141052,0.0023469324015559,0.00238751964150182
"2020/10/19","JO",10101697,12647,154,35607,330,37573,345,36405,36612,0.00371947406460518,0.00125196786242945,0.00360384992739339,0.00362434153390267
"2020/10/26","JO",10101697,15514,234,50676,563,53087,579,51874,52054,0.00525525562685161,0.00153578156224642,0.00513517679257257,0.00515299558084152
"2020/11/02","JO",10101697,22779,287,72552,842,75866,866,74614,74745,0.00751022328228613,0.00225496765543453,0.00738628371054883,0.00739925182867789
"2020/11/09","JO",10101697,33455,367,104542,1203,109321,1233,107943,108157,0.0108220430686052,0.00331181978631907,0.0106856303450796,0.0107068149044661
"2020/11/16","JO",10101697,34357,539,135186,1727,143678,1772,142069,142499,0.0142231547828053,0.0034011117142001,0.0140638746143346,0.0141064417196437
"2020/11/23","JO",10101697,39751,464,167789,2135,183429,2236,181463,182211,0.0181582361854647,0.00393508140265937,0.0179636154202606,0.0180376623848448
"2020/11/30","JO",10101697,30878,458,189381,2503,214307,2694,211896,213139,0.0212149503197334,0.00305671413426873,0.0209762775501978,0.0210993261825216
"2020/12/07","JO",10101697,25782,362,202516,2711,240089,3056,236775,238876,0.0237671947594548,0.00255224443972137,0.0234391310687699,0.0236471159251757
"2020/12/14","JO",10101697,19525,309,206527,2786,259614,3365,254835,258362,0.0257000383202941,0.00193284356083933,0.0252269494917537,0.0255760987485568
"2020/12/21","JO",10101697,17834,239,201582,2738,277448,3604,268956,276070,0.0274654842646735,0.00176544594437944,0.0266248334314522,0.027329071541148
"2020/12/28","JO",10101697,10498,154,178625,2525,287946,3758,272306,286337,0.0285047155938255,0.00103923132915192,0.0269564608797908,0.0283454354253548
"2021/01/04","JO",10101697,10262,145,154530,2131,298208,3903,273282,296242,0.0295205845116915,0.00101586891786598,0.0270530783095157,0.0293259637464873
"2021/01/11","JO",10101697,10462,140,125241,1807,308670,4043,271097,306259,0.0305562520831896,0.00103566757149814,0.0268367780185844,0.0303175793136539
"2021/01/18","JO",10101697,6874,110,101237,1459,315544,4153,262457,312230,0.0312367318085268,0.000680479725337238,0.0259814761816752,0.030908668117842
