"date","countrycode2","population","cases","deaths","cases_prev_week","deaths_prev_week","cases_infected","cum_deaths","cases_contagious","cases_active","p_cases_infected","p_cases","p_cases_contagious","p_cases_active"
"2020/03/16","KE",52573967,3,0,3,0,3,0,3,3,5.7062462111714e-08,5.7062462111714e-08,5.7062462111714e-08,5.7062462111714e-08
"2020/03/23","KE",52573967,12,0,15,0,15,0,15,15,2.8531231055857e-07,2.28249848446856e-07,2.8531231055857e-07,2.8531231055857e-07
"2020/03/30","KE",52573967,27,1,42,1,42,1,42,42,7.98874469563995e-07,5.13562159005426e-07,7.98874469563995e-07,7.98874469563995e-07
"2020/04/06","KE",52573967,100,3,142,4,142,4,142,142,2.70095653995446e-06,1.90208207039047e-06,2.70095653995446e-06,2.70095653995446e-06
"2020/04/13","KE",52573967,55,4,197,8,197,8,197,197,3.74710167866922e-06,1.04614513871476e-06,3.74710167866922e-06,3.74710167866922e-06
"2020/04/20","KE",52573967,73,6,270,14,270,14,270,270,5.13562159005426e-06,1.38851991138504e-06,5.13562159005426e-06,5.13562159005426e-06
"2020/04/27","KE",52573967,85,0,355,14,355,14,355,355,6.75239134988615e-06,1.6167697598319e-06,6.75239134988615e-06,6.75239134988615e-06
"2020/05/04","KE",52573967,110,10,462,24,465,24,465,465,8.84468162731566e-06,2.09229027742951e-06,8.84468162731566e-06,8.84468162731566e-06
"2020/05/11","KE",52573967,207,8,657,32,672,32,672,672,1.27819915130239e-05,3.93730988570826e-06,1.27819915130239e-05,1.27819915130239e-05
"2020/05/18","KE",52573967,215,18,845,49,887,50,887,887,1.68714679643634e-05,4.0894764513395e-06,1.68714679643634e-05,1.68714679643634e-05
"2020/05/25","KE",52573967,327,1,1072,47,1214,51,1214,1214,2.30912763345402e-05,6.21980837017682e-06,2.30912763345402e-05,2.30912763345402e-05
"2020/06/01","KE",52573967,748,13,1765,56,1962,64,1962,1962,3.73188502210609e-05,1.42275738865207e-05,3.73188502210609e-05,3.73188502210609e-05
"2020/06/08","KE",52573967,805,20,2497,70,2767,84,2764,2767,5.26306108877042e-05,1.53117606666432e-05,5.25735484255925e-05,5.26306108877042e-05
"2020/06/15","KE",52573967,827,19,3239,89,3594,103,3579,3594,6.83608296098333e-05,1.57302187221291e-05,6.80755172992747e-05,6.83608296098333e-05
"2020/06/22","KE",52573967,1144,20,4273,99,4738,123,4696,4738,9.01206484951002e-05,2.17598188852669e-05,8.93217740255362e-05,9.01206484951002e-05
"2020/06/29","KE",52573967,1332,20,5398,111,6070,143,5928,6070,0.000115456381672701,2.5335733177601e-05,0.000112755425132747,0.000115456381672701
"2020/07/06","KE",52573967,1816,17,6999,110,7886,160,7689,7886,0.000149998192070992,3.45418103982909e-05,0.000146251090392323,0.000149998192070992
"2020/07/13","KE",52573967,2219,25,8891,134,10105,185,9835,10105,0.000192205393212957,4.22072011419644e-05,0.000187069771622902,0.000192205393212957
"2020/07/20","KE",52573967,3248,49,11391,170,13353,234,12998,13350,0.000253985018859239,6.17796256462823e-05,0.000247232627509353,0.000253927956397127
"2020/07/27","KE",52573967,4250,46,14836,196,17603,280,17138,17588,0.000334823506850834,8.08384879915948e-05,0.000325978825223518,0.000334538194540275
"2020/08/03","KE",52573967,4450,89,18459,266,22053,369,21381,22011,0.000419466158983209,8.46426521323757e-05,0.000406684167470185,0.000418667284513645
"2020/08/10","KE",52573967,4383,51,21698,297,26436,420,25549,26294,0.000502834416128423,8.33682571452141e-05,0.00048596294816406,0.000500133459588469
"2020/08/17","KE",52573967,3684,54,24050,331,30120,474,28906,29923,0.000572907119601608,7.00727034731847e-05,0.000549815843267068,0.000569160017922939
"2020/08/24","KE",52573967,2244,74,24478,388,32364,548,30402,32094,0.00061558984126117,4.2682721659562e-05,0.000578270991040109,0.000610454219671116
"2020/08/31","KE",52573967,1693,26,23952,389,34057,574,31290,33702,0.000647792090712881,3.22022494517106e-05,0.000595161479825177,0.000641039699362995
"2020/09/07","KE",52573967,1046,23,21750,363,35103,597,31509,34638,0.000667687869169165,1.98957784562843e-05,0.000599327039559332,0.000658843187541849
"2020/09/14","KE",52573967,1054,25,18554,342,36157,622,31419,35485,0.000687735814191081,2.00479450219155e-05,0.00059761516569598,0.000674953822678057
"2020/09/21","KE",52573967,824,26,14928,279,36981,648,30911,36094,0.000703408970451098,1.56731562600174e-05,0.000587952588778397,0.000686537502486735
"2020/09/28","KE",52573967,1134,43,11679,271,38115,691,30229,36901,0.000724978581129326,2.15696106782279e-05,0.000574980389058334,0.000701887304794786
"2020/10/05","KE",52573967,1312,40,9307,257,39427,731,29322,37465,0.000749933897892849,2.49553167635229e-05,0.000557728504679892,0.000712615047671788
"2020/10/12","KE",52573967,2119,35,9182,218,41546,766,28193,38779,0.000790239016964423,4.0305119071574e-05,0.000536253998105184,0.000737608406076719
"2020/10/19","KE",52573967,3335,66,10824,258,44881,832,27278,41287,0.000853673454011945,6.3434437047522e-05,0.000518849947161111,0.000785312624402111
"2020/10/26","KE",52573967,4840,70,14618,305,49721,902,27668,44983,0.000945734226218843,9.20607722068985e-05,0.000526268067235634,0.000855613577723743
"2020/11/02","KE",52573967,6156,111,19720,391,55877,1013,29441,49807,0.00106282639847208,0.000117092172253237,0.000559991982343657,0.000947370016799379
"2020/11/09","KE",52573967,6611,98,25507,463,62488,1111,32368,54602,0.00118857304414559,0.000125746645673514,0.000615665924543986,0.0010385748520746
"2020/11/16","KE",52573967,7757,158,32130,578,70245,1269,37881,60140,0.00133611755034578,0.000147544506200188,0.000720527709084612,0.00114391215713283
"2020/11/23","KE",52573967,7127,111,37945,649,77372,1380,43315,64019,0.00147167893950251,0.000135561389156728,0.00082388684878963,0.00121769392064327
"2020/11/30","KE",52573967,5944,72,41770,686,83316,1452,48213,65713,0.00158473869776652,0.000113059758264009,0.000917050828597355,0.00124991519091569
"2020/12/07","KE",52573967,5064,74,43499,694,88380,1526,52223,66327,0.00168106013381109,9.63214360445732e-05,0.000993324319620013,0.00126159397482788
"2020/12/14","KE",52573967,3512,61,42171,685,91892,1587,54911,65456,0.00174786125612321,6.68011223121131e-05,0.00104445228567211,0.00124502683999478
"2020/12/21","KE",52573967,2608,52,38623,626,94500,1639,56385,64380,0.00179746755651899,4.96063003957833e-05,0.00107248897538966,0.00122456043691738
"2020/12/28","KE",52573967,1492,25,33504,553,95992,1664,56565,63628,0.00182584662100922,2.83790644902257e-05,0.00107591272311637,0.00121025677974805
"2021/01/04","KE",52573967,810,21,26557,416,96802,1685,55256,62745,0.00184125348577938,1.54068647701628e-05,0.00105101446881496,0.0011934613950665
"2021/01/11","KE",52573967,1469,28,20899,333,98271,1713,53390,63168,0.00186919507139341,2.79415856140359e-05,0.00101552161738147,0.00120150720222425
"2021/01/18","KE",52573967,891,18,15846,279,99162,1731,49441,63005,0.00188614262264059,1.6947551247179e-05,0.00094040839642175,0.00119840680844951
