"date","countrycode2","population","cases","deaths","cases_prev_week","deaths_prev_week","cases_infected","cum_deaths","cases_contagious","cases_active","p_cases_infected","p_cases","p_cases_contagious","p_cases_active"
"2020/03/16","LC",182795,2,0,2,0,2,0,2,2,1.09412183046582e-05,1.09412183046582e-05,1.09412183046582e-05,1.09412183046582e-05
"2020/03/23","LC",182795,0,0,2,0,2,0,2,2,1.09412183046582e-05,0,1.09412183046582e-05,1.09412183046582e-05
"2020/03/30","LC",182795,7,0,9,0,9,0,9,9,4.9235482370962e-05,3.82942640663038e-05,4.9235482370962e-05,4.9235482370962e-05
"2020/04/06","LC",182795,5,0,14,0,14,0,14,14,7.65885281326076e-05,2.73530457616456e-05,7.65885281326076e-05,7.65885281326076e-05
"2020/04/13","LC",182795,1,0,15,0,15,0,15,15,8.20591372849367e-05,5.47060915232911e-06,8.20591372849367e-05,8.20591372849367e-05
"2020/04/20","LC",182795,0,0,15,0,15,0,15,15,8.20591372849367e-05,0,8.20591372849367e-05,8.20591372849367e-05
"2020/04/27","LC",182795,0,0,15,0,15,0,15,15,8.20591372849367e-05,0,8.20591372849367e-05,8.20591372849367e-05
"2020/05/04","LC",182795,3,0,16,0,18,0,18,18,9.8470964741924e-05,1.64118274569873e-05,9.8470964741924e-05,9.8470964741924e-05
"2020/05/11","LC",182795,0,0,16,0,18,0,18,18,9.8470964741924e-05,0,9.8470964741924e-05,9.8470964741924e-05
"2020/05/18","LC",182795,0,0,9,0,18,0,18,18,9.8470964741924e-05,0,9.8470964741924e-05,9.8470964741924e-05
"2020/05/25","LC",182795,0,0,4,0,18,0,18,18,9.8470964741924e-05,0,9.8470964741924e-05,9.8470964741924e-05
"2020/06/01","LC",182795,0,0,3,0,18,0,18,18,9.8470964741924e-05,0,9.8470964741924e-05,9.8470964741924e-05
"2020/06/08","LC",182795,1,0,4,0,19,0,17,19,0.000103941573894253,5.47060915232911e-06,9.30003555895949e-05,0.000103941573894253
"2020/06/15","LC",182795,0,0,4,0,19,0,17,19,0.000103941573894253,0,9.30003555895949e-05,0.000103941573894253
"2020/06/22","LC",182795,0,0,1,0,19,0,10,19,0.000103941573894253,0,5.47060915232911e-05,0.000103941573894253
"2020/06/29","LC",182795,0,0,1,0,19,0,5,19,0.000103941573894253,0,2.73530457616456e-05,0.000103941573894253
"2020/07/06","LC",182795,3,0,4,0,22,0,7,22,0.00012035340135124,1.64118274569873e-05,3.82942640663038e-05,0.00012035340135124
"2020/07/13","LC",182795,0,0,4,0,22,0,7,22,0.00012035340135124,0,3.82942640663038e-05,0.00012035340135124
"2020/07/20","LC",182795,1,0,5,0,23,0,8,21,0.00012582401050357,5.47060915232911e-06,4.37648732186329e-05,0.000114882792198911
"2020/07/27","LC",182795,1,0,5,0,24,0,6,22,0.000131294619655899,5.47060915232911e-06,3.28236549139747e-05,0.00012035340135124
"2020/08/03","LC",182795,1,0,6,0,25,0,7,16,0.000136765228808228,5.47060915232911e-06,3.82942640663038e-05,8.75297464372658e-05
"2020/08/10","LC",182795,0,0,6,0,25,0,7,11,0.000136765228808228,0,3.82942640663038e-05,6.01767006756202e-05
"2020/08/17","LC",182795,0,0,6,0,25,0,7,10,0.000136765228808228,0,3.82942640663038e-05,5.47060915232911e-05
"2020/08/24","LC",182795,1,0,4,0,26,0,8,11,0.000142235837960557,5.47060915232911e-06,4.37648732186329e-05,6.01767006756202e-05
"2020/08/31","LC",182795,0,0,4,0,26,0,7,11,0.000142235837960557,0,3.82942640663038e-05,6.01767006756202e-05
"2020/09/07","LC",182795,0,0,3,0,26,0,7,8,0.000142235837960557,0,3.82942640663038e-05,4.37648732186329e-05
"2020/09/14","LC",182795,1,0,3,0,27,0,8,9,0.000147706447112886,5.47060915232911e-06,4.37648732186329e-05,4.9235482370962e-05
"2020/09/21","LC",182795,0,0,2,0,27,0,8,9,0.000147706447112886,0,4.37648732186329e-05,4.9235482370962e-05
"2020/09/28","LC",182795,0,0,2,0,27,0,5,9,0.000147706447112886,0,2.73530457616456e-05,4.9235482370962e-05
"2020/10/05","LC",182795,0,0,2,0,27,0,5,9,0.000147706447112886,0,2.73530457616456e-05,4.9235482370962e-05
"2020/10/12","LC",182795,2,0,3,0,29,0,6,10,0.000158647665417544,1.09412183046582e-05,3.28236549139747e-05,5.47060915232911e-05
"2020/10/19","LC",182795,4,0,7,0,33,0,9,14,0.000180530102026861,2.18824366093164e-05,4.9235482370962e-05,7.65885281326076e-05
"2020/10/26","LC",182795,21,0,28,0,54,0,29,35,0.000295412894225772,0.000114882792198911,0.000158647665417544,0.000191471320331519
"2020/11/02","LC",182795,30,0,57,0,84,0,59,65,0.000459531168795645,0.000164118274569873,0.000322765939987418,0.000355589594901392
"2020/11/09","LC",182795,47,0,104,0,131,0,106,109,0.000716649798955114,0.000257118630159468,0.000579884570146886,0.000596296397603873
"2020/11/16","LC",182795,40,2,144,2,171,2,145,149,0.000935474165048278,0.000218824366093164,0.000793238327087721,0.000815120763697038
"2020/11/23","LC",182795,49,0,193,2,220,2,194,197,0.0012035340135124,0.000268059848464127,0.00106129817555185,0.00107771000300884
"2020/11/30","LC",182795,37,0,228,2,257,2,231,233,0.00140594655214858,0.000202412538636177,0.00126371071418802,0.00127465193249268
"2020/12/07","LC",182795,8,0,232,2,265,2,238,240,0.00144971142536721,4.37648732186329e-05,0.00130200497825433,0.00131294619655899
"2020/12/14","LC",182795,10,2,221,4,275,4,248,250,0.00150441751689051,5.47060915232911e-05,0.00135671106977762,0.00136765228808228
"2020/12/21","LC",182795,12,1,203,5,287,5,260,262,0.00157006482671846,6.56473098279493e-05,0.00142235837960557,0.00143329959791023
"2020/12/28","LC",182795,18,0,174,5,305,5,278,279,0.00166853579146038,9.8470964741924e-05,0.00152082934434749,0.00152629995349982
"2021/01/04","LC",182795,48,0,182,3,353,5,324,327,0.00193112503077218,0.000262589239311797,0.00177247736535463,0.00178888919281162
"2021/01/11","LC",182795,85,0,218,3,438,5,405,412,0.00239612680872015,0.000465001777947975,0.00221559670669329,0.00225389097075959
