"date","countrycode2","population","cases","deaths","cases_prev_week","deaths_prev_week","cases_infected","cum_deaths","cases_contagious","cases_active","p_cases_infected","p_cases","p_cases_contagious","p_cases_active"
"2020/03/23","LR",4937374,3,0,3,0,3,0,3,3,6.07610442312047e-07,6.07610442312047e-07,6.07610442312047e-07,6.07610442312047e-07
"2020/03/30","LR",4937374,0,0,3,0,3,0,3,3,6.07610442312047e-07,0,6.07610442312047e-07,6.07610442312047e-07
"2020/04/06","LR",4937374,10,3,13,3,13,3,13,13,2.6329785833522e-06,2.02536814104016e-06,2.6329785833522e-06,2.6329785833522e-06
"2020/04/13","LR",4937374,37,2,50,5,50,5,50,50,1.01268407052008e-05,7.49386212184858e-06,1.01268407052008e-05,1.01268407052008e-05
"2020/04/20","LR",4937374,41,3,91,8,91,8,91,91,1.84308500834654e-05,8.30400937826464e-06,1.84308500834654e-05,1.84308500834654e-05
"2020/04/27","LR",4937374,33,4,124,12,124,12,124,124,2.51145649488979e-05,6.68371486543252e-06,2.51145649488979e-05,2.51145649488979e-05
"2020/05/04","LR",4937374,34,6,158,18,158,18,158,158,3.20008166284345e-05,6.88625167953653e-06,3.20008166284345e-05,3.20008166284345e-05
"2020/05/11","LR",4937374,41,2,196,20,199,20,199,199,4.03048260066991e-05,8.30400937826464e-06,4.03048260066991e-05,4.03048260066991e-05
"2020/05/18","LR",4937374,27,1,223,21,226,21,226,226,4.57733199875075e-05,5.46849398080842e-06,4.57733199875075e-05,4.57733199875075e-05
"2020/05/25","LR",4937374,39,5,252,23,265,26,265,265,5.36722557375641e-05,7.89893575005661e-06,5.36722557375641e-05,5.36722557375641e-05
"2020/06/01","LR",4937374,23,1,238,22,288,27,288,288,5.83306024619565e-05,4.65834672439236e-06,5.83306024619565e-05,5.83306024619565e-05
"2020/06/08","LR",4937374,71,3,268,22,359,30,359,359,7.27107162633416e-05,1.43801138013851e-05,7.27107162633416e-05,7.27107162633416e-05
"2020/06/15","LR",4937374,99,2,334,20,458,32,455,458,9.27618608596391e-05,2.00511445962975e-05,9.21542504173271e-05,9.27618608596391e-05
"2020/06/22","LR",4937374,168,2,468,16,626,34,623,626,0.000126788045629114,3.40261847694746e-05,0.000126180435186802,0.000126788045629114
"2020/06/29","LR",4937374,142,0,569,14,768,34,755,768,0.000155548273231884,2.87602276027702e-05,0.000152915294648532,0.000155548273231884
"2020/07/06","LR",4937374,106,3,648,16,874,37,824,874,0.00017701717552691,2.14689022950257e-05,0.000166890334821709,0.00017701717552691
"2020/07/13","LR",4937374,136,14,745,25,1010,51,919,1010,0.000204562182245056,2.75450067181461e-05,0.00018613133216159,0.000204562182245056
"2020/07/20","LR",4937374,81,19,803,43,1091,70,967,1091,0.000220967664187481,1.64054819424253e-05,0.000195853099238583,0.000220967664187481
"2020/07/27","LR",4937374,71,2,803,42,1162,72,1004,1159,0.000235347777988866,1.43801138013851e-05,0.000203346961360432,0.000234740167546554
"2020/08/03","LR",4937374,45,5,749,45,1207,77,1008,1204,0.000244461934623547,9.1141566346807e-06,0.000204157108616848,0.000243854324181235
"2020/08/10","LR",4937374,30,2,611,45,1237,79,1011,1224,0.000250538039046667,6.07610442312047e-06,0.00020476471905916,0.000247905060463315
"2020/08/17","LR",4937374,20,3,489,48,1257,82,992,1207,0.000254588775328748,4.05073628208031e-06,0.000200916519591183,0.000244461934623547
"2020/08/24","LR",4937374,29,0,412,45,1286,82,998,1195,0.000260462342937764,5.87356760901645e-06,0.000202131740475808,0.000242031492854299
"2020/08/31","LR",4937374,18,0,294,31,1304,82,945,1180,0.000264108005591636,3.64566265387228e-06,0.000191397289328295,0.000238993440642738
"2020/09/07","LR",4937374,3,0,216,12,1307,82,849,1149,0.000264715616033948,6.07610442312047e-07,0.000171953755174309,0.000232714799405514
"2020/09/14","LR",4937374,12,0,157,10,1319,82,693,1120,0.000267146057803197,2.43044176924819e-06,0.000140358012174083,0.000226841231796498
"2020/09/21","LR",4937374,16,0,128,5,1335,82,567,1109,0.000270386646828861,3.24058902566425e-06,0.000114838373596977,0.000224613326841353
"2020/09/28","LR",4937374,4,0,102,3,1339,82,465,1074,0.000271196794085277,8.10147256416062e-07,9.41796185583673e-05,0.000217524538347713
"2020/10/05","LR",4937374,9,0,91,0,1348,82,338,1060,0.000273019625412213,1.82283132693614e-06,6.84574431671573e-05,0.000214689022950257
"2020/10/12","LR",4937374,15,0,77,0,1363,82,272,1004,0.000276057677623773,3.03805221156023e-06,5.50900134362922e-05,0.000203346961360432
"2020/10/19","LR",4937374,14,0,73,0,1377,82,215,919,0.000278893193021229,2.83551539745622e-06,4.35454150323634e-05,0.00018613133216159
"2020/10/26","LR",4937374,16,0,86,0,1393,82,186,767,0.000282133782046894,3.24058902566425e-06,3.76718474233469e-05,0.00015534573641778
"2020/11/02","LR",4937374,33,0,107,0,1426,82,189,658,0.000288817496912326,6.68371486543252e-06,3.8279457865659e-05,0.000133269223680442
"2020/11/09","LR",4937374,16,0,107,0,1442,82,185,568,0.000292058085937991,3.24058902566425e-06,3.74693106092429e-05,0.000115040910411081
"2020/11/16","LR",4937374,65,0,168,0,1507,82,221,497,0.000305222978854752,1.3164892916761e-05,4.47606359169874e-05,0.000100660796609696
"2020/11/23","LR",4937374,44,0,203,0,1551,82,247,460,0.000314134598675328,8.91161982057669e-06,5.00265930836919e-05,9.31669344878472e-05
"2020/11/30","LR",4937374,44,1,232,1,1595,83,288,433,0.000323046218495905,8.91161982057669e-06,5.83306024619565e-05,8.76984405070388e-05
"2020/12/07","LR",4937374,81,0,299,1,1676,83,357,469,0.00033945170043833,1.64054819424253e-05,7.23056426351336e-05,9.49897658147833e-05
"2020/12/14","LR",4937374,95,0,378,1,1771,83,436,534,0.000358692697778212,1.92409973398815e-05,8.83060509493508e-05,0.000108154658731544
"2020/12/21","LR",4937374,17,0,362,1,1788,83,449,531,0.00036213582361798,3.44312583976827e-06,9.0939029532703e-05,0.000107547048289232
"2020/12/28","LR",4937374,12,0,358,1,1800,83,452,514,0.000364566265387228,2.43044176924819e-06,9.15466399750151e-05,0.000104103922449464
"2021/01/04","LR",4937374,0,0,293,1,1800,83,437,496,0.000364566265387228,0,8.85085877634548e-05,0.000100458259795592
"2021/01/11","LR",4937374,0,0,249,1,1800,83,423,493,0.000364566265387228,0,8.56730723659986e-05,9.98506493532797e-05
"2021/01/18","LR",4937374,87,1,292,1,1887,84,494,568,0.000382186968214277,1.76207028270494e-05,0.000100053186167384,0.000115040910411081
