"date","countrycode2","population","cases","deaths","cases_prev_week","deaths_prev_week","cases_infected","cum_deaths","cases_contagious","cases_active","p_cases_infected","p_cases","p_cases_contagious","p_cases_active"
"2020/01/06","LU",613894,0,0,0,0,0,0,0,0,0,0,0,0
"2020/01/13","LU",613894,0,0,0,0,0,0,0,0,0,0,0,0
"2020/01/20","LU",613894,0,0,0,0,0,0,0,0,0,0,0,0
"2020/01/27","LU",613894,0,0,0,0,0,0,0,0,0,0,0,0
"2020/02/03","LU",613894,0,0,0,0,0,0,0,0,0,0,0,0
"2020/02/10","LU",613894,0,0,0,0,0,0,0,0,0,0,0,0
"2020/02/17","LU",613894,0,0,0,0,0,0,0,0,0,0,0,0
"2020/02/24","LU",613894,0,0,0,0,0,0,0,0,0,0,0,0
"2020/03/02","LU",613894,1,0,1,0,1,0,1,1,1.62894571375514e-06,1.62894571375514e-06,1.62894571375514e-06,1.62894571375514e-06
"2020/03/09","LU",613894,4,0,5,0,5,0,5,5,8.14472856877572e-06,6.51578285502057e-06,8.14472856877572e-06,8.14472856877572e-06
"2020/03/16","LU",613894,72,1,77,1,77,1,77,77,0.000125428819959146,0.00011728409139037,0.000125428819959146,0.000125428819959146
"2020/03/23","LU",613894,721,7,798,8,798,8,798,798,0.0012998986795766,0.00117446985961746,0.0012998986795766,0.0012998986795766
"2020/03/30","LU",613894,1152,13,1950,21,1950,21,1950,1950,0.00317644414182253,0.00187654546224593,0.00317644414182253,0.00317644414182253
"2020/04/06","LU",613894,854,15,2804,36,2804,36,2804,2804,0.00456756378136942,0.00139111963954689,0.00456756378136942,0.00456756378136942
"2020/04/13","LU",613894,477,30,3281,66,3281,66,3281,3281,0.00534457088683063,0.000777007105461203,0.00534457088683063,0.00534457088683063
"2020/04/20","LU",613894,269,7,3549,73,3550,73,3550,3550,0.00578275728383076,0.000438186397000134,0.00578275728383076,0.00578275728383076
"2020/04/27","LU",613894,173,15,3718,88,3723,88,3723,3723,0.0060645648923104,0.00028180760847964,0.0060645648923104,0.0060645648923104
"2020/05/04","LU",613894,101,8,3747,95,3824,96,3824,3824,0.00622908840939967,0.000164523517089269,0.00622908840939967,0.00622908840939967
"2020/05/11","LU",613894,62,5,3088,93,3886,101,3886,3886,0.00633008304365249,0.000100994634252819,0.00633008304365249,0.00633008304365249
"2020/05/18","LU",613894,59,6,1995,86,3945,107,3945,3945,0.00642619084076404,9.61077971115535e-05,0.00642619084076404,0.00642619084076404
"2020/05/25","LU",613894,47,3,1188,74,3992,110,3991,3992,0.00650275128931053,7.65604485464917e-05,0.00650112234359678,0.00650275128931053
"2020/06/01","LU",613894,26,0,737,44,4018,110,4013,4018,0.00654510387786817,4.23525885576337e-05,0.00653695914929939,0.00654510387786817
"2020/06/08","LU",613894,21,0,489,37,4039,110,3962,4039,0.00657931173785702,3.4207859988858e-05,0.00645388291789788,0.00657931173785702
"2020/06/15","LU",613894,31,0,347,22,4070,110,3272,4070,0.00662980905498343,5.04973171264094e-05,0.00532991037540683,0.00662980905498343
"2020/06/22","LU",613894,50,0,296,14,4120,110,2170,4120,0.00671125634067119,8.14472856877572e-05,0.00353481219884866,0.00671125634067119
"2020/06/29","LU",613894,122,0,356,9,4242,110,1438,4242,0.00690998771774932,0.000198731377078127,0.0023424239363799,0.00690998771774932
"2020/07/06","LU",613894,280,0,577,3,4522,110,1241,4521,0.00736609251760076,0.00045610479985144,0.00202152163077013,0.007364463571887
"2020/07/13","LU",613894,403,1,933,1,4925,111,1375,4920,0.00802255764024408,0.000656465122643323,0.00223980035641332,0.0080144129116753
"2020/07/20","LU",613894,558,0,1465,1,5483,111,1760,5406,0.00893150934851945,0.00090895170827537,0.00286694445620905,0.00880608052856031
"2020/07/27","LU",613894,789,1,2233,2,6272,112,2448,5474,0.0102167475166723,0.00128523816815281,0.00398765910727259,0.00891684883709565
"2020/08/03","LU",613894,423,5,2625,7,6695,117,2809,4745,0.0109057915535907,0.000689044036918426,0.0045757085099382,0.00772934741176816
"2020/08/10","LU",613894,418,2,2993,9,7113,119,3168,4309,0.0115866908619403,0.00068089930834965,0.00516050002117629,0.00701912708057091
"2020/08/17","LU",613894,326,4,3197,13,7439,123,3447,4158,0.0121177271646245,0.000531036302684177,0.00561497587531398,0.00677315627779389
"2020/08/24","LU",613894,265,1,3182,14,7704,124,3686,4154,0.0125493977787696,0.000431670614145113,0.00600429390090146,0.00676664049493887
"2020/08/31","LU",613894,-1079,0,1700,13,6625,124,2586,2902,0.0107917653536278,0.0017576324251418,0.0042124536157708,0.00472720046131743
"2020/09/07","LU",613894,271,0,1413,13,6896,124,2826,3072,0.0112332096420555,0.000441444288427644,0.00460340058707204,0.0050041212326558
"2020/09/14","LU",613894,298,0,922,12,7194,124,3074,3308,0.0117186354647545,0.000485425822699033,0.00500737912408331,0.00538855242110201
"2020/09/21","LU",613894,610,0,1109,7,7804,124,3562,3859,0.0127122923501451,0.000993656885390637,0.00580230463239582,0.0062861015093811
"2020/09/28","LU",613894,553,0,1244,5,8357,124,3835,4365,0.0136130993298517,0.000900806979706594,0.00624700681225098,0.0071103480405412
"2020/10/05","LU",613894,352,1,1270,2,8709,125,3784,4691,0.0141864882210935,0.00057338889124181,0.00616393058084946,0.00764138434322538
"2020/10/12","LU",613894,651,5,1656,6,9360,130,3877,5321,0.0152469318807481,0.0010604436596546,0.00631542253222869,0.00866762014289112
"2020/10/19","LU",613894,1286,3,4021,9,10646,133,4374,6576,0.0173417560686373,0.00209482418788911,0.007125008551965,0.0107119470136538
"2020/10/26","LU",613894,3558,12,7308,21,14204,145,7509,10084,0.0231375449181781,0.0057957888495408,0.0122317533645874,0.0164262885775069
"2020/11/02","LU",613894,4578,15,11588,36,18782,160,11669,14540,0.0305948583957491,0.00745731347757105,0.0190081675338088,0.0236848706779998
"2020/11/09","LU",613894,3699,25,14677,61,22481,185,15042,17959,0.0366203285909294,0.00602547019518028,0.0245026014263049,0.0292542360733286
"2020/11/16","LU",613894,4063,37,18187,98,26544,222,18840,21619,0.0432387350259165,0.00661840643498715,0.0306893372471469,0.0352161773856724
"2020/11/23","LU",613894,3789,40,21624,137,30333,262,23708,24850,0.0494108103353348,0.00617207530941824,0.0386190449817069,0.0404793009868153
"2020/11/30","LU",613894,3640,44,24613,176,33973,306,27077,27701,0.0553401727334035,0.00592936239806872,0.044106963091348,0.0451234252167312
"2020/12/07","LU",613894,3711,44,27038,217,37684,350,30490,30989,0.0613851902771488,0.00604501754374534,0.0496665548123943,0.0504793987235581
"2020/12/14","LU",613894,3588,46,27068,251,41272,396,33468,34159,0.0672298474981023,0.00584465722095345,0.0545175551479571,0.0556431566361619
"2020/12/21","LU",613894,2795,44,25285,280,44067,440,35710,36628,0.0717827507680479,0.00455290326994563,0.0581696514381962,0.0596650236034234
"2020/12/28","LU",613894,1782,47,23368,302,45849,487,37140,38145,0.0746855320299596,0.00290278126191167,0.060499043808866,0.0621361342511899
"2021/01/04","LU",613894,1070,19,20375,284,46919,506,37559,40294,0.0764285039436776,0.001742971913718,0.0611815720629294,0.0656367385900497
"2021/01/11","LU",613894,1065,27,17651,271,47984,533,37338,41088,0.0781633311288268,0.00173482718514923,0.0608215750601895,0.0669301214867713
"2021/01/18","LU",613894,868,19,14879,246,48852,552,34648,41658,0.0795772560083663,0.00141392487953946,0.0564397110901882,0.0678586205436118
