"date","countrycode2","population","cases","deaths","cases_prev_week","deaths_prev_week","cases_infected","cum_deaths","cases_contagious","cases_active","p_cases_infected","p_cases","p_cases_contagious","p_cases_active"
"2020/01/06","MK",2077132,0,0,0,0,0,0,0,0,0,0,0,0
"2020/01/13","MK",2077132,0,0,0,0,0,0,0,0,0,0,0,0
"2020/01/20","MK",2077132,0,0,0,0,0,0,0,0,0,0,0,0
"2020/01/27","MK",2077132,0,0,0,0,0,0,0,0,0,0,0,0
"2020/02/03","MK",2077132,0,0,0,0,0,0,0,0,0,0,0,0
"2020/02/10","MK",2077132,0,0,0,0,0,0,0,0,0,0,0,0
"2020/02/17","MK",2077132,0,0,0,0,0,0,0,0,0,0,0,0
"2020/02/24","MK",2077132,0,0,0,0,0,0,0,0,0,0,0,0
"2020/03/02","MK",2077132,1,0,1,0,1,0,1,1,4.81433052882532e-07,4.81433052882532e-07,4.81433052882532e-07,4.81433052882532e-07
"2020/03/09","MK",2077132,2,0,3,0,3,0,3,3,1.4442991586476e-06,9.62866105765065e-07,1.4442991586476e-06,1.4442991586476e-06
"2020/03/16","MK",2077132,10,0,13,0,13,0,13,13,6.25862968747292e-06,4.81433052882532e-06,6.25862968747292e-06,6.25862968747292e-06
"2020/03/23","MK",2077132,101,1,114,1,114,1,114,114,5.48833680286087e-05,4.86247383411358e-05,5.48833680286087e-05,5.48833680286087e-05
"2020/03/30","MK",2077132,145,5,259,6,259,6,259,259,0.000124691160696576,6.98077926679672e-05,0.000124691160696576,0.000124691160696576
"2020/04/06","MK",2077132,224,11,483,17,483,17,483,483,0.000232532164542263,0.000107841003845687,0.000232532164542263,0.000232532164542263
"2020/04/13","MK",2077132,345,17,828,34,828,34,828,828,0.000398626567786737,0.000166094403244474,0.000398626567786737,0.000398626567786737
"2020/04/20","MK",2077132,379,17,1206,51,1207,51,1207,1207,0.000581089694829216,0.00018246312704248,0.000581089694829216,0.000581089694829216
"2020/04/27","MK",2077132,179,10,1383,61,1386,61,1386,1386,0.00066726621129519,8.61765164659733e-05,0.00066726621129519,0.00066726621129519
"2020/05/04","MK",2077132,125,23,1498,84,1511,84,1511,1511,0.000727445342905506,6.01791316103165e-05,0.000727445342905506,0.000727445342905506
"2020/05/11","MK",2077132,131,7,1528,90,1642,91,1642,1642,0.000790513072833118,6.30677299276117e-05,0.000790513072833118,0.000790513072833118
"2020/05/18","MK",2077132,150,10,1533,95,1792,101,1792,1792,0.000862728030765498,7.22149579323798e-05,0.000862728030765498,0.000862728030765498
"2020/05/25","MK",2077132,186,12,1495,96,1978,113,1977,1978,0.000952274578601649,8.9546547836151e-05,0.000951793145548766,0.000952274578601649
"2020/06/01","MK",2077132,248,20,1398,99,2226,133,2223,2226,0.00107166997571652,0.000119395397114868,0.00107022567655787,0.00107166997571652
"2020/06/08","MK",2077132,802,20,1821,102,3028,153,3015,3028,0.00145777928412831,0.000386109308411791,0.00145152065444083,0.00145777928412831
"2020/06/15","MK",2077132,1029,35,2671,127,4057,188,3943,4057,0.00195317389554443,0.000495394611416126,0.00189829052751582,0.00195317389554443
"2020/06/22","MK",2077132,1049,50,3595,154,5106,238,4847,5106,0.00245819716801821,0.000505023272473776,0.00233350600732163,0.00245819716801821
"2020/06/29","MK",2077132,986,48,4450,195,6092,286,5609,6092,0.00293289015816039,0.000474692990142177,0.00270035799361812,0.00293289015816039
"2020/07/06","MK",2077132,954,55,5254,240,7046,341,6218,7045,0.00339217729061032,0.000459287132449936,0.00299355072282359,0.00339169585755744
"2020/07/13","MK",2077132,1065,41,6133,269,8111,382,6904,8108,0.00390490349193022,0.000512726201319897,0.003323813797101,0.00390345919277157
"2020/07/20","MK",2077132,1021,40,6906,289,9132,422,7746,9119,0.00439644663892328,0.000491543146993065,0.00372918042762809,0.00439018800923581
"2020/07/27","MK",2077132,954,38,7058,307,10086,460,8575,9972,0.00485573377137322,0.000459287132449936,0.00412828842846771,0.00480085040334461
"2020/08/03","MK",2077132,968,37,6997,309,11054,497,9412,10795,0.00532176096656351,0.000466027195190291,0.00453124789373039,0.00519706980586694
"2020/08/10","MK",2077132,802,30,6750,289,11856,527,10064,11373,0.0057078702749753,0.000386109308411791,0.0048451422442098,0.00547533811043304
"2020/08/17","MK",2077132,883,17,6647,258,12739,544,10761,11911,0.00613297566067058,0.000425105385695276,0.00518070108206893,0.00573434909288384
"2020/08/24","MK",2077132,775,19,6468,222,13514,563,11288,12307,0.00650608627665454,0.000373110615983963,0.00543441630093802,0.00592499658182532
"2020/08/31","MK",2077132,413,21,5816,202,13927,584,10899,12541,0.00670491812749503,0.000198831850840486,0.00524713884336672,0.00603765191619984
"2020/09/07","MK",2077132,835,22,5630,184,14762,606,10705,13251,0.00710691472665194,0.000401996599156914,0.00515374083110751,0.00637946938374644
"2020/09/14","MK",2077132,932,40,5608,186,15694,646,10588,14052,0.00755561033193846,0.00044869560528652,0.00509741316392025,0.00676509725910534
"2020/09/21","MK",2077132,1041,47,5681,196,16735,693,10643,14943,0.00805678213998918,0.000501171808050716,0.00512389198182879,0.00719405410922368
"2020/09/28","MK",2077132,894,32,5773,198,17629,725,10583,15651,0.00848718328926616,0.000430401149276984,0.00509500599865584,0.00753490871066451
"2020/10/05","MK",2077132,973,28,5863,209,18602,753,10491,16376,0.00895561764972086,0.000468434360454704,0.00505071415779065,0.00788394767400435
"2020/10/12","MK",2077132,2335,39,7423,229,20937,792,11805,17909,0.0100797638282016,0.00112414617848071,0.00568331718927829,0.00862198454407327
"2020/10/19","MK",2077132,2691,42,9701,250,23628,834,13542,19571,0.0113753001735085,0.00129553634530689,0.00651956640213525,0.00942212627796404
"2020/10/26","MK",2077132,3326,85,12192,313,26954,919,15900,21848,0.0129765465073958,0.0016012463338873,0.00765478554083226,0.0105183493393776
"2020/11/02","MK",2077132,5482,85,16742,358,32436,1004,20580,26344,0.0156157625032978,0.00263921599590204,0.00990789222832251,0.0126828723451374
"2020/11/09","MK",2077132,7324,132,23025,443,39760,1136,27021,32714,0.0191417781826095,0.00352601567931167,0.0130088025219389,0.0157496008919992
"2020/11/16","MK",2077132,7290,169,29421,580,47050,1305,33536,38939,0.0226514251381231,0.00350964695551366,0.0161453388614686,0.0187465216461929
"2020/11/23","MK",2077132,7693,206,36141,758,54743,1511,40816,45611,0.0263550896139485,0.00370366447582532,0.0196501714864534,0.0219586429750252
"2020/11/30","MK",2077132,6800,220,40606,939,61543,1731,46781,51457,0.0296288343735497,0.00327374475960122,0.0225219196468977,0.0247731006021765
"2020/12/07","MK",2077132,6425,193,44340,1090,67968,1924,52274,56914,0.03272204173832,0.00309320736477027,0.0251664314063815,0.0274002807717564
"2020/12/14","MK",2077132,5670,197,46684,1202,73638,2121,56903,61782,0.0354517671481639,0.00272972540984396,0.0273949850081747,0.0297438968731886
"2020/12/21","MK",2077132,4667,171,45869,1288,78305,2292,60676,65566,0.0376986152059667,0.00224684805780278,0.0292114319167005,0.0315656395452961
"2020/12/28","MK",2077132,3499,164,42044,1320,81804,2456,63202,68290,0.0393831494580027,0.00168453425203598,0.0304275318082818,0.0328770631813481
"2021/01/04","MK",2077132,2220,74,36974,1225,84024,2530,63087,70097,0.0404519308354019,0.00106878137739922,0.0303721670072003,0.0337470127079069
"2021/01/11","MK",2077132,2470,92,31751,1111,86494,2622,62866,71732,0.0416410704760217,0.00118913964061985,0.0302657703025133,0.0345341557493698
"2021/01/18","MK",2077132,2444,80,27395,971,88938,2702,61984,73244,0.0428176928572667,0.00117662238124491,0.0298411463498709,0.0352620825253282
