"date","countrycode2","population","cases","deaths","cases_prev_week","deaths_prev_week","cases_infected","cum_deaths","cases_contagious","cases_active","p_cases_infected","p_cases","p_cases_contagious","p_cases_active"
"2020/03/23","NC",282757,5,0,5,0,5,0,5,5,1.76830281832103e-05,1.76830281832103e-05,1.76830281832103e-05,1.76830281832103e-05
"2020/03/30","NC",282757,10,0,15,0,15,0,15,15,5.3049084549631e-05,3.53660563664206e-05,5.3049084549631e-05,5.3049084549631e-05
"2020/04/06","NC",282757,3,0,18,0,18,0,18,18,6.36589014595571e-05,1.06098169099262e-05,6.36589014595571e-05,6.36589014595571e-05
"2020/04/13","NC",282757,0,0,18,0,18,0,18,18,6.36589014595571e-05,0,6.36589014595571e-05,6.36589014595571e-05
"2020/04/20","NC",282757,0,0,18,0,18,0,18,18,6.36589014595571e-05,0,6.36589014595571e-05,6.36589014595571e-05
"2020/04/27","NC",282757,0,0,18,0,18,0,18,18,6.36589014595571e-05,0,6.36589014595571e-05,6.36589014595571e-05
"2020/05/04","NC",282757,0,0,18,0,18,0,18,18,6.36589014595571e-05,0,6.36589014595571e-05,6.36589014595571e-05
"2020/05/11","NC",282757,0,0,13,0,18,0,18,18,6.36589014595571e-05,0,6.36589014595571e-05,6.36589014595571e-05
"2020/05/18","NC",282757,0,0,3,0,18,0,18,18,6.36589014595571e-05,0,6.36589014595571e-05,6.36589014595571e-05
"2020/05/25","NC",282757,0,0,0,0,18,0,18,18,6.36589014595571e-05,0,6.36589014595571e-05,6.36589014595571e-05
"2020/06/01","NC",282757,1,0,1,0,19,0,19,19,6.71955070961992e-05,3.53660563664206e-06,6.71955070961992e-05,6.71955070961992e-05
"2020/06/08","NC",282757,1,0,2,0,20,0,20,20,7.07321127328413e-05,3.53660563664206e-06,7.07321127328413e-05,7.07321127328413e-05
"2020/06/15","NC",282757,1,0,3,0,21,0,16,21,7.42687183694833e-05,3.53660563664206e-06,5.6585690186273e-05,7.42687183694833e-05
"2020/06/22","NC",282757,0,0,3,0,21,0,6,21,7.42687183694833e-05,0,2.12196338198524e-05,7.42687183694833e-05
"2020/06/29","NC",282757,0,0,3,0,21,0,3,21,7.42687183694833e-05,0,1.06098169099262e-05,7.42687183694833e-05
"2020/07/06","NC",282757,0,0,3,0,21,0,3,21,7.42687183694833e-05,0,1.06098169099262e-05,7.42687183694833e-05
"2020/07/13","NC",282757,0,0,3,0,21,0,3,21,7.42687183694833e-05,0,1.06098169099262e-05,7.42687183694833e-05
"2020/07/20","NC",282757,1,0,3,0,22,0,4,22,7.78053240061254e-05,3.53660563664206e-06,1.41464225465683e-05,7.78053240061254e-05
"2020/07/27","NC",282757,0,0,2,0,22,0,4,17,7.78053240061254e-05,0,1.41464225465683e-05,6.01222958229151e-05
"2020/08/03","NC",282757,0,0,1,0,22,0,4,7,7.78053240061254e-05,0,1.41464225465683e-05,2.47562394564944e-05
"2020/08/10","NC",282757,1,0,2,0,23,0,5,5,8.13419296427675e-05,3.53660563664206e-06,1.76830281832103e-05,1.76830281832103e-05
"2020/08/17","NC",282757,0,0,2,0,23,0,5,5,8.13419296427675e-05,0,1.76830281832103e-05,1.76830281832103e-05
"2020/08/24","NC",282757,0,0,2,0,23,0,4,5,8.13419296427675e-05,0,1.41464225465683e-05,1.76830281832103e-05
"2020/08/31","NC",282757,0,0,2,0,23,0,3,5,8.13419296427675e-05,0,1.06098169099262e-05,1.76830281832103e-05
"2020/09/07","NC",282757,3,0,4,0,26,0,5,8,9.19517465526937e-05,1.06098169099262e-05,1.76830281832103e-05,2.82928450931365e-05
"2020/09/14","NC",282757,0,0,4,0,26,0,5,8,9.19517465526937e-05,0,1.76830281832103e-05,2.82928450931365e-05
"2020/09/21","NC",282757,0,0,4,0,26,0,5,8,9.19517465526937e-05,0,1.76830281832103e-05,2.82928450931365e-05
"2020/09/28","NC",282757,1,0,4,0,27,0,6,9,9.54883521893357e-05,3.53660563664206e-06,2.12196338198524e-05,3.18294507297786e-05
"2020/10/05","NC",282757,0,0,4,0,27,0,6,8,9.54883521893357e-05,0,2.12196338198524e-05,2.82928450931365e-05
"2020/10/12","NC",282757,0,0,4,0,27,0,5,7,9.54883521893357e-05,0,1.76830281832103e-05,2.47562394564944e-05
"2020/10/19","NC",282757,0,0,4,0,27,0,5,6,9.54883521893357e-05,0,1.76830281832103e-05,2.12196338198524e-05
"2020/10/26","NC",282757,0,0,1,0,27,0,5,6,9.54883521893357e-05,0,1.76830281832103e-05,2.12196338198524e-05
"2020/11/02","NC",282757,1,0,2,0,28,0,5,7,9.90249578259778e-05,3.53660563664206e-06,1.76830281832103e-05,2.47562394564944e-05
"2020/11/09","NC",282757,1,0,3,0,29,0,6,8,0.00010256156346262,3.53660563664206e-06,2.12196338198524e-05,2.82928450931365e-05
"2020/11/16","NC",282757,1,0,3,0,30,0,7,9,0.000106098169099262,3.53660563664206e-06,2.47562394564944e-05,3.18294507297786e-05
"2020/11/23","NC",282757,2,0,5,0,32,0,9,10,0.000113171380372546,7.07321127328413e-06,3.18294507297786e-05,3.53660563664206e-05
"2020/11/30","NC",282757,0,0,5,0,32,0,6,10,0.000113171380372546,0,2.12196338198524e-05,3.53660563664206e-05
"2020/12/07","NC",282757,3,0,8,0,35,0,9,13,0.000123781197282472,1.06098169099262e-05,3.18294507297786e-05,4.59758732763468e-05
"2020/12/14","NC",282757,1,0,9,0,36,0,10,13,0.000127317802919114,3.53660563664206e-06,3.53660563664206e-05,4.59758732763468e-05
"2020/12/21","NC",282757,1,0,9,0,37,0,10,14,0.000130854408555756,3.53660563664206e-06,3.53660563664206e-05,4.95124789129889e-05
"2020/12/28","NC",282757,1,0,9,0,38,0,11,15,0.000134391014192398,3.53660563664206e-06,3.89026620030627e-05,5.3049084549631e-05
"2021/01/04","NC",282757,2,0,10,0,40,0,13,17,0.000141464225465683,7.07321127328413e-06,4.59758732763468e-05,6.01222958229151e-05
"2021/01/11","NC",282757,0,0,8,0,40,0,13,14,0.000141464225465683,0,4.59758732763468e-05,4.95124789129889e-05
"2021/01/18","NC",282757,4,0,12,0,44,0,17,18,0.000155610648012251,1.41464225465683e-05,6.01222958229151e-05,6.36589014595571e-05
