"date","countrycode2","population","cases","deaths","cases_prev_week","deaths_prev_week","cases_infected","cum_deaths","cases_contagious","cases_active","p_cases_infected","p_cases","p_cases_contagious","p_cases_active"
"2020/03/23","NE",23310719,1,0,1,0,1,0,1,1,4.28987196834212e-08,4.28987196834212e-08,4.28987196834212e-08,4.28987196834212e-08
"2020/03/30","NE",23310719,9,1,10,1,10,1,10,10,4.28987196834212e-07,3.86088477150791e-07,4.28987196834212e-07,4.28987196834212e-07
"2020/04/06","NE",23310719,174,9,184,10,184,10,184,184,7.8933644217495e-06,7.46437722491528e-06,7.8933644217495e-06,7.8933644217495e-06
"2020/04/13","NE",23310719,345,2,529,12,529,12,529,529,2.26934227125298e-05,1.48000582907803e-05,2.26934227125298e-05,2.26934227125298e-05
"2020/04/20","NE",23310719,119,8,648,20,648,20,648,648,2.77983703548569e-05,5.10494764232712e-06,2.77983703548569e-05,2.77983703548569e-05
"2020/04/27","NE",23310719,48,9,696,29,696,29,696,696,2.98575088996611e-05,2.05913854480422e-06,2.98575088996611e-05,2.98575088996611e-05
"2020/05/04","NE",23310719,54,7,750,36,750,36,750,750,3.21740397625659e-05,2.31653086290474e-06,3.21740397625659e-05,3.21740397625659e-05
"2020/05/11","NE",23310719,71,10,820,46,821,46,821,821,3.52198488600888e-05,3.0458090975229e-06,3.52198488600888e-05,3.52198488600888e-05
"2020/05/18","NE",23310719,83,8,894,53,904,54,904,904,3.87804425938127e-05,3.56059373372396e-06,3.87804425938127e-05,3.87804425938127e-05
"2020/05/25","NE",23310719,41,7,761,51,945,61,945,945,4.0539290100833e-05,1.75884750702027e-06,4.0539290100833e-05,4.0539290100833e-05
"2020/06/01","NE",23310719,13,3,429,52,958,64,958,958,4.10969734567175e-05,5.57683355884475e-07,4.10969734567175e-05,4.10969734567175e-05
"2020/06/08","NE",23310719,15,1,325,45,973,65,973,973,4.17404542519688e-05,6.43480795251318e-07,4.17404542519688e-05,4.17404542519688e-05
"2020/06/15","NE",23310719,7,1,284,37,980,66,979,980,4.20407452897528e-05,3.00291037783948e-07,4.19978465700693e-05,4.20407452897528e-05
"2020/06/22","NE",23310719,56,1,286,31,1036,67,1026,1036,4.44430735920243e-05,2.40232830227159e-06,4.40140863951901e-05,4.44430735920243e-05
"2020/06/29","NE",23310719,38,0,253,21,1074,67,890,1074,4.60732249399943e-05,1.63015134797e-06,3.81798605182448e-05,4.60732249399943e-05
"2020/07/06","NE",23310719,19,1,189,14,1093,68,564,1093,4.68883006139793e-05,8.15075673985002e-07,2.41948779014495e-05,4.68883006139793e-05
"2020/07/13","NE",23310719,6,0,154,7,1099,68,451,1099,4.71456929320799e-05,2.57392318100527e-07,1.9347322577223e-05,4.71456929320799e-05
"2020/07/20","NE",23310719,5,1,146,5,1104,69,408,1104,4.7360186530497e-05,2.14493598417106e-07,1.75026776308358e-05,4.7360186530497e-05
"2020/07/27","NE",23310719,28,0,159,4,1132,69,382,1131,4.85613506816328e-05,1.20116415113579e-06,1.63873109190669e-05,4.85184519619494e-05
"2020/08/03","NE",23310719,15,0,167,3,1147,69,326,1137,4.92048314768841e-05,6.43480795251318e-07,1.39849826167953e-05,4.87758442800499e-05
"2020/08/10","NE",23310719,11,0,122,2,1158,69,254,974,4.96767173934017e-05,4.71885916517633e-07,1.0896274799589e-05,4.17833529716522e-05
"2020/08/17","NE",23310719,9,0,93,2,1167,69,222,638,5.00628058705525e-05,3.86088477150791e-07,9.5235157697195e-06,2.73693831580227e-05
"2020/08/24","NE",23310719,5,0,79,1,1172,69,214,524,5.02772994689696e-05,2.14493598417106e-07,9.18032601225213e-06,2.24789291141127e-05
"2020/08/31","NE",23310719,4,0,77,1,1176,69,203,480,5.04488943477033e-05,1.71594878733685e-07,8.7084400957345e-06,2.05913854480422e-05
"2020/09/07","NE",23310719,1,0,73,0,1177,69,197,427,5.04917930673867e-05,4.28987196834212e-08,8.45104777763397e-06,1.83177533048208e-05
"2020/09/14","NE",23310719,3,0,48,0,1180,69,144,359,5.0620489226437e-05,1.28696159050264e-07,6.17741563441265e-06,1.54006403663482e-05
"2020/09/21","NE",23310719,8,0,41,0,1188,69,114,284,5.09636789839044e-05,3.43189757467369e-07,4.89045404391001e-06,1.21832363900916e-05
"2020/09/28","NE",23310719,8,0,38,0,1196,69,103,251,5.13068687413717e-05,3.43189757467369e-07,4.41856812739238e-06,1.07675786405387e-05
"2020/10/05","NE",23310719,4,0,33,0,1200,69,101,242,5.14784636201054e-05,1.71594878733685e-07,4.33277068802554e-06,1.03814901633879e-05
"2020/10/12","NE",23310719,1,0,29,0,1201,69,97,228,5.15213623397888e-05,4.28987196834212e-08,4.16117580929185e-06,9.78090808782003e-06
"2020/10/19","NE",23310719,9,0,34,0,1210,69,78,230,5.19074508169396e-05,3.86088477150791e-07,3.34610013530685e-06,9.86670552718687e-06
"2020/10/26","NE",23310719,5,0,38,0,1215,69,68,179,5.21219444153567e-05,2.14493598417106e-07,2.91711293847264e-06,7.67887082333239e-06
"2020/11/02","NE",23310719,6,0,41,0,1221,69,63,147,5.23793367334573e-05,2.57392318100527e-07,2.70261934005553e-06,6.30611179346291e-06
"2020/11/09","NE",23310719,22,0,55,0,1243,69,76,150,5.33231085664925e-05,9.43771833035266e-07,3.26030269594001e-06,6.43480795251318e-06
"2020/11/16","NE",23310719,64,1,111,1,1307,70,135,208,5.60686266262315e-05,2.74551805973896e-06,5.79132715726186e-06,8.9229336941516e-06
"2020/11/23","NE",23310719,61,0,168,1,1368,70,192,264,5.86854485269202e-05,2.61682190068869e-06,8.23655417921687e-06,1.13252619964232e-05
"2020/11/30","NE",23310719,148,0,315,1,1516,70,339,384,6.50344590400665e-05,6.34901051314633e-06,1.45426659726798e-05,1.64731083584337e-05
"2020/12/07","NE",23310719,340,7,646,8,1856,77,676,709,7.96200237324297e-05,1.45855646923632e-05,2.89995345059927e-05,3.04151922555456e-05
"2020/12/14","NE",23310719,402,3,1043,11,2258,80,1070,1100,9.6865309045165e-05,1.72452853127353e-05,4.59016300612607e-05,4.71885916517633e-05
"2020/12/21","NE",23310719,401,7,1438,18,2659,87,1463,1492,0.000114067695638217,1.72023865930519e-05,6.27608268968452e-05,6.40048897676644e-05
"2020/12/28","NE",23310719,500,12,1916,30,3159,99,1959,1987,0.000135517055479927,2.14493598417106e-05,8.40385918598221e-05,8.52397560109579e-05
"2021/01/04","NE",23310719,306,11,2158,40,3465,110,2264,2289,0.000148644063703054,1.31270082231269e-05,9.71227013632655e-05,9.81951693553511e-05
"2021/01/11","NE",23310719,412,16,2509,56,3877,126,2667,2700,0.000166318336212624,1.76742725095695e-05,0.000114410885395684,0.000115826543145237
"2021/01/18","NE",23310719,279,14,2640,70,4156,140,2941,2976,0.000178287079004298,1.19687427916745e-05,0.000126165134588942,0.000127666589777861
