"date","countrycode2","population","cases","deaths","cases_prev_week","deaths_prev_week","cases_infected","cum_deaths","cases_contagious","cases_active","p_cases_infected","p_cases","p_cases_contagious","p_cases_active"
"2020/01/06","NZ",4783062,0,0,0,0,0,0,0,0,0,0,0,0
"2020/01/13","NZ",4783062,0,0,0,0,0,0,0,0,0,0,0,0
"2020/01/20","NZ",4783062,0,0,0,0,0,0,0,0,0,0,0,0
"2020/01/27","NZ",4783062,0,0,0,0,0,0,0,0,0,0,0,0
"2020/02/03","NZ",4783062,0,0,0,0,0,0,0,0,0,0,0,0
"2020/02/10","NZ",4783062,0,0,0,0,0,0,0,0,0,0,0,0
"2020/02/17","NZ",4783062,0,0,0,0,0,0,0,0,0,0,0,0
"2020/02/24","NZ",4783062,0,0,0,0,0,0,0,0,0,0,0,0
"2020/03/02","NZ",4783062,1,0,1,0,1,0,1,1,2.0907109295259e-07,2.0907109295259e-07,2.0907109295259e-07,2.0907109295259e-07
"2020/03/09","NZ",4783062,4,0,5,0,5,0,5,5,1.04535546476295e-06,8.36284371810359e-07,1.04535546476295e-06,1.04535546476295e-06
"2020/03/16","NZ",4783062,3,0,8,0,8,0,8,8,1.67256874362072e-06,6.27213278857769e-07,1.67256874362072e-06,1.67256874362072e-06
"2020/03/23","NZ",4783062,94,0,102,0,102,0,102,102,2.13252514811642e-05,1.96526827375434e-05,2.13252514811642e-05,2.13252514811642e-05
"2020/03/30","NZ",4783062,450,1,552,1,552,1,552,552,0.00011540724330983,9.40819918286654e-05,0.00011540724330983,0.00011540724330983
"2020/04/06","NZ",4783062,359,0,911,1,911,1,911,911,0.000190463765679809,7.50565223699797e-05,0.000190463765679809,0.000190463765679809
"2020/04/13","NZ",4783062,153,4,1064,5,1064,5,1064,1064,0.000222451642901556,3.19878772217462e-05,0.000222451642901556,0.000222451642901556
"2020/04/20","NZ",4783062,41,7,1104,12,1105,12,1105,1105,0.000231023557712612,8.57191481105618e-06,0.000231023557712612,0.000231023557712612
"2020/04/27","NZ",4783062,17,7,1117,19,1122,19,1122,1122,0.000234577766292806,3.55420858019403e-06,0.000234577766292806,0.000234577766292806
"2020/05/04","NZ",4783062,15,1,1129,20,1137,20,1137,1137,0.000237713832687095,3.13606639428885e-06,0.000237713832687095,0.000237713832687095
"2020/05/11","NZ",4783062,10,1,1045,21,1147,21,1147,1147,0.00023980454361662,2.0907109295259e-06,0.00023980454361662,0.00023980454361662
"2020/05/18","NZ",4783062,2,0,597,20,1149,21,1149,1149,0.000240222685802526,4.1814218590518e-07,0.000240222685802526,0.000240222685802526
"2020/05/25","NZ",4783062,5,0,243,20,1154,21,1153,1154,0.000241268041267289,1.04535546476295e-06,0.000241058970174336,0.000241268041267289
"2020/06/01","NZ",4783062,0,1,90,17,1154,22,1149,1154,0.000241268041267289,0,0.000240222685802526,0.000241268041267289
"2020/06/08","NZ",4783062,0,0,49,10,1154,22,1146,1154,0.000241268041267289,0,0.000239595472523668,0.000241268041267289
"2020/06/15","NZ",4783062,0,0,32,3,1154,22,1052,1154,0.000241268041267289,0,0.000219942789786124,0.000241268041267289
"2020/06/22","NZ",4783062,9,0,26,2,1163,22,611,1163,0.000243149681103862,1.88163983657331e-06,0.000127742437794032,0.000243149681103862
"2020/06/29","NZ",4783062,15,0,31,1,1178,22,267,1178,0.000246285747498151,3.13606639428885e-06,5.58219818183415e-05,0.000246285747498151
"2020/07/06","NZ",4783062,5,0,34,1,1183,22,119,1182,0.000247331102962914,1.04535546476295e-06,2.48794600613582e-05,0.000247122031869961
"2020/07/13","NZ",4783062,11,0,40,1,1194,22,89,1189,0.000249630884985392,2.29978202247849e-06,1.86073272727805e-05,0.000248585529520629
"2020/07/20","NZ",4783062,10,0,50,0,1204,22,82,1196,0.000251721595914918,2.0907109295259e-06,1.71438296221124e-05,0.000250049027171297
"2020/07/27","NZ",4783062,2,0,52,0,1206,22,69,1104,0.000252139738100823,4.1814218590518e-07,1.44259054137287e-05,0.000230814486619659
"2020/08/03","NZ",4783062,11,0,63,0,1217,22,70,665,0.000254439520123302,2.29978202247849e-06,1.46349765066813e-05,0.000139032276813472
"2020/08/10","NZ",4783062,2,0,56,0,1219,22,70,308,0.000254857662309207,4.1814218590518e-07,1.46349765066813e-05,6.43938966293977e-05
"2020/08/17","NZ",4783062,61,0,102,0,1280,22,126,216,0.000267610998979315,1.2753336670108e-05,2.63429577120263e-05,4.51593560777594e-05
"2020/08/24","NZ",4783062,52,0,149,0,1332,22,178,227,0.00027848269581285,1.08716968335347e-05,3.7214654545561e-05,4.74591381002379e-05
"2020/08/31","NZ",4783062,55,0,193,0,1387,22,233,265,0.000289981605925242,1.14989101123924e-05,4.87135646579534e-05,5.54038396324363e-05
"2020/09/07","NZ",4783062,38,2,221,2,1425,24,271,288,0.00029792630745744,7.94470153219841e-06,5.66582661901518e-05,6.02124747703459e-05
"2020/09/14","NZ",4783062,22,0,241,2,1447,24,284,300,0.000302525871502397,4.59956404495697e-06,5.93761903985355e-05,6.27213278857769e-05
"2020/09/21","NZ",4783062,17,1,247,3,1464,25,286,315,0.000306080080082591,3.55420858019403e-06,5.97943325844407e-05,6.58573942800658e-05
"2020/09/28","NZ",4783062,13,0,258,3,1477,25,294,323,0.000308798004290975,2.71792420838367e-06,6.14669013280614e-05,6.75299630236865e-05
"2020/10/05","NZ",4783062,22,0,219,3,1499,25,305,345,0.000313397568335932,4.59956404495697e-06,6.37666833505399e-05,7.21295270686435e-05
"2020/10/12","NZ",4783062,16,0,183,3,1515,25,311,361,0.000316742705823174,3.34513748724144e-06,6.50211099082554e-05,7.54746645558849e-05
"2020/10/19","NZ",4783062,15,0,143,3,1530,25,324,376,0.000319878772217462,3.13606639428885e-06,6.77390341166391e-05,7.86107309501738e-05
"2020/10/26","NZ",4783062,54,0,159,1,1584,25,367,421,0.000331168611236902,1.12898390194398e-05,7.67290911136004e-05,8.80189301330403e-05
"2020/11/02","NZ",4783062,23,0,160,1,1607,25,388,429,0.000335977246374812,4.80863513790957e-06,8.11195840656048e-05,8.9691498876661e-05
"2020/11/09","NZ",4783062,23,0,166,0,1630,25,350,447,0.000340785881512721,4.80863513790957e-06,7.31748825334064e-05,9.34547785498076e-05
"2020/11/16","NZ",4783062,15,0,168,0,1645,25,313,451,0.00034392194790701,3.13606639428885e-06,6.54392520941606e-05,9.4291062921618e-05
"2020/11/23","NZ",4783062,29,0,175,0,1674,25,287,470,0.000349985009602635,6.0630616956251e-06,6.00034036773933e-05,9.82634136877172e-05
"2020/11/30","NZ",4783062,26,0,185,0,1700,25,275,494,0.000355420858019403,5.43584841676733e-06,5.74945505619622e-05,0.000103281119918579
"2020/12/07","NZ",4783062,23,0,193,0,1723,25,276,506,0.000360229493157312,4.80863513790957e-06,5.77036216549148e-05,0.00010578997303401
"2020/12/14","NZ",4783062,17,0,156,0,1740,25,276,521,0.000363783701737506,3.55420858019403e-06,5.77036216549148e-05,0.000108926039428299
"2020/12/21","NZ",4783062,25,0,158,0,1765,25,288,485,0.000369010479061321,5.22677732381474e-06,6.02124747703459e-05,0.000101399480082006
"2020/12/28","NZ",4783062,23,0,158,0,1788,25,289,456,0.000373819114199231,4.80863513790957e-06,6.04215458632984e-05,9.53364183863809e-05
"2021/01/04","NZ",4783062,393,0,536,0,2181,25,666,794,0.000455984053729598,8.21649395303678e-05,0.000139241347906425,0.000166002447804356
"2021/01/11","NZ",4783062,41,0,548,0,2222,25,692,797,0.000464555968540654,8.57191481105618e-06,0.000144677196323192,0.000166629661083214
