"date","countrycode2","population","cases","deaths","cases_prev_week","deaths_prev_week","cases_infected","cum_deaths","cases_contagious","cases_active","p_cases_infected","p_cases","p_cases_contagious","p_cases_active"
"2020/01/06","OM",4974992,0,0,0,0,0,0,0,0,0,0,0,0
"2020/01/13","OM",4974992,0,0,0,0,0,0,0,0,0,0,0,0
"2020/01/20","OM",4974992,0,0,0,0,0,0,0,0,0,0,0,0
"2020/01/27","OM",4974992,0,0,0,0,0,0,0,0,0,0,0,0
"2020/02/03","OM",4974992,0,0,0,0,0,0,0,0,0,0,0,0
"2020/02/10","OM",4974992,0,0,0,0,0,0,0,0,0,0,0,0
"2020/02/17","OM",4974992,0,0,0,0,0,0,0,0,0,0,0,0
"2020/02/24","OM",4974992,0,0,0,0,0,0,0,0,0,0,0,0
"2020/03/02","OM",4974992,6,0,6,0,6,0,6,6,1.20603209010185e-06,1.20603209010185e-06,1.20603209010185e-06,1.20603209010185e-06
"2020/03/09","OM",4974992,10,0,16,0,16,0,16,16,3.21608557360494e-06,2.01005348350309e-06,3.21608557360494e-06,3.21608557360494e-06
"2020/03/16","OM",4974992,6,0,22,0,22,0,22,22,4.4221176637068e-06,1.20603209010185e-06,4.4221176637068e-06,4.4221176637068e-06
"2020/03/23","OM",4974992,33,0,55,0,55,0,55,55,1.1055294159267e-05,6.63317649556019e-06,1.1055294159267e-05,1.1055294159267e-05
"2020/03/30","OM",4974992,112,0,167,0,167,0,167,167,3.35678931745016e-05,2.25125990152346e-05,3.35678931745016e-05,3.35678931745016e-05
"2020/04/06","OM",4974992,131,2,298,2,298,2,298,298,5.98995938083921e-05,2.63317006338905e-05,5.98995938083921e-05,5.98995938083921e-05
"2020/04/13","OM",4974992,301,2,599,4,599,4,599,599,0.000120402203661835,6.0502609853443e-05,0.000120402203661835,0.000120402203661835
"2020/04/20","OM",4974992,667,3,1260,7,1266,7,1266,1266,0.000254472771011491,0.000134070567349656,0.000254472771011491,0.000254472771011491
"2020/04/27","OM",4974992,732,3,1982,10,1998,10,1998,1998,0.000401608686003917,0.000147135914992426,0.000401608686003917,0.000401608686003917
"2020/05/04","OM",4974992,570,2,2546,12,2568,12,2568,2568,0.000516181734563593,0.000114573048559676,0.000516181734563593,0.000516181734563593
"2020/05/11","OM",4974992,831,5,3344,17,3399,17,3399,3399,0.0006832171790427,0.000167035444479107,0.0006832171790427,0.0006832171790427
"2020/05/18","OM",4974992,1787,5,5019,22,5186,22,5186,5186,0.0010424137365447,0.000359196557502002,0.0010424137365447,0.0010424137365447
"2020/05/25","OM",4974992,2584,15,7472,35,7770,37,7764,7770,0.0015618115566819,0.000519397820137198,0.0015606055245918,0.0015618115566819
"2020/06/01","OM",4974992,3667,10,10838,43,11437,47,11421,11437,0.00229889816908248,0.000737086612400583,0.00229568208350888,0.00229889816908248
"2020/06/08","OM",4974992,5445,28,15616,68,16882,75,16860,16882,0.00339337229084991,0.00109447412176743,0.00338895017318621,0.00339337229084991
"2020/06/15","OM",4974992,6599,29,21483,94,23481,104,23426,23481,0.0047198065846136,0.00132643429376369,0.00470875129045434,0.0047198065846136
"2020/06/22","OM",4974992,5990,27,26903,119,29471,131,29304,29471,0.00592382862123195,0.00120402203661835,0.00589026072805745,0.00592382862123195
"2020/06/29","OM",4974992,8679,32,34751,146,38150,163,37852,38150,0.00766835403956428,0.00174452541833233,0.00760845444575589,0.00766835403956428
"2020/07/06","OM",4974992,8028,50,40992,191,46178,213,45579,46172,0.00928202497612056,0.00161367093655628,0.00916162277245873,0.00928081894403046
"2020/07/13","OM",4974992,9837,44,48245,220,56015,257,54749,55999,0.0112593145878426,0.00197728961172199,0.0110048418168311,0.0112560985022689
"2020/07/20","OM",4974992,10646,61,55224,271,66661,318,64663,66639,0.0133992175263799,0.00213990293853739,0.012997608840376,0.0133947954087162
"2020/07/27","OM",4974992,9344,66,59123,309,76005,384,73437,75950,0.0152774115013652,0.00187819397498529,0.0147612297668016,0.015266356207206
"2020/08/03","OM",4974992,3154,37,55678,317,79159,421,75760,78992,0.0159113823700621,0.000633970868696874,0.0152281651910194,0.0158778144768876
"2020/08/10","OM",4974992,2421,92,52109,382,81580,513,76394,81282,0.0163980163184182,0.000486633948356098,0.0153556025818735,0.0163381167246098
"2020/08/17","OM",4974992,1506,59,44936,409,83086,572,75316,82487,0.0167007303730338,0.000302714054615565,0.0151389188163519,0.0165803281693719
"2020/08/24","OM",4974992,683,37,37591,396,83769,609,72332,82503,0.016838017025957,0.000137286652923261,0.0145391188568745,0.0165835442549455
"2020/08/31","OM",4974992,1775,68,29529,420,85544,677,68662,83546,0.0171948015192788,0.000356784493321798,0.0138014292284289,0.0167931928332749
"2020/09/07","OM",4974992,1528,51,20411,410,87072,728,63591,84504,0.0175019376915581,0.000307136172279272,0.0127821311069445,0.0169857559569945
"2020/09/14","OM",4974992,2674,52,13741,396,89746,780,60275,86347,0.0180394259930468,0.000537488301488726,0.0121155973718149,0.0173562088140041
"2020/09/21","OM",4974992,3729,66,14316,425,93475,846,55325,88289,0.0187889749370451,0.000749548943998302,0.0111206208974808,0.0177465612005004
"2020/09/28","OM",4974992,3975,63,15870,396,97450,909,51272,89680,0.0195879711967376,0.000798996259692478,0.010305946220617,0.0180261596400557
"2020/10/05","OM",4974992,3820,68,18184,405,101270,977,45255,89833,0.0203558116274358,0.00076784043069818,0.00909649703959323,0.0180569134583533
"2020/10/12","OM",4974992,4620,61,22121,429,105890,1038,39229,89008,0.0212844563368142,0.000928644709378427,0.00788523881043427,0.0178910840459643
"2020/10/19","OM",4974992,4063,63,24409,424,109953,1101,33948,86472,0.0221011410671615,0.000816684730347305,0.00682372956579629,0.0173813344825479
"2020/10/26","OM",4974992,2979,73,25860,446,112932,1174,33773,83461,0.0226999359998971,0.00059879493273557,0.00678855362983498,0.0167761073786651
"2020/11/02","OM",4974992,2802,72,25988,466,115734,1246,34154,77584,0.0232631529859747,0.000563216986077566,0.00686513666755645,0.0155947989464104
"2020/11/09","OM",4974992,2406,55,24665,455,118140,1301,35054,71962,0.0237467718541055,0.000483618868130843,0.00704604148107173,0.0144647468779849
"2020/11/16","OM",4974992,2249,37,22939,429,120389,1338,36620,64374,0.0241988328825453,0.000452061028439845,0.00736081585658831,0.0129395182947028
"2020/11/23","OM",4974992,1692,42,20811,403,122081,1380,36537,55420,0.0245389339319541,0.000340101049408723,0.00734413241267524,0.0111397164055741
"2020/11/30","OM",4974992,1403,38,17594,380,123484,1418,36412,47479,0.0248209444356895,0.000282010503735483,0.00731900674413145,0.00954353293432432
"2020/12/07","OM",4974992,1402,26,14933,343,124886,1444,35140,45727,0.0251027539340767,0.000281809498387133,0.00706332794102986,0.00919137156401457
"2020/12/14","OM",4974992,1354,27,13308,297,126240,1471,32765,44660,0.025374915175743,0.000272161241666318,0.00658594023869787,0.0089768988573248
"2020/12/21","OM",4974992,1427,17,11933,242,127667,1488,30217,44581,0.0256617498078389,0.000286834632095891,0.00607377861110128,0.00896101943480512
"2020/12/28","OM",4974992,805,7,10332,194,128472,1495,27202,44703,0.0258235591132609,0.000161809305421999,0.0054677474858251,0.00898554208730386
"2021/01/04","OM",4974992,1112,7,9195,164,129584,1502,23694,44040,0.0260470770606264,0.000223517947365543,0.00476262072381222,0.0088522755413476
"2021/01/11","OM",4974992,1196,6,8699,128,130780,1508,20827,43708,0.0262874794572534,0.000240402396626969,0.00418633839009188,0.0087855417656953
