"date","countrycode2","population","cases","deaths","cases_prev_week","deaths_prev_week","cases_infected","cum_deaths","cases_contagious","cases_active","p_cases_infected","p_cases","p_cases_contagious","p_cases_active"
"2020/03/16","PA",4246440,43,1,43,1,43,1,43,43,1.01261291811494e-05,1.01261291811494e-05,1.01261291811494e-05,1.01261291811494e-05
"2020/03/23","PA",4246440,270,2,313,3,313,3,313,313,7.37088007837153e-05,6.35826716025659e-05,7.37088007837153e-05,7.37088007837153e-05
"2020/03/30","PA",4246440,676,21,989,24,989,24,989,989,0.000232900971166436,0.000159192170382721,0.000232900971166436,0.000232900971166436
"2020/04/06","PA",4246440,999,30,1988,54,1988,54,1988,1988,0.00046815685609593,0.000235255884929494,0.00046815685609593,0.00046815685609593
"2020/04/13","PA",4246440,1412,33,3400,87,3400,87,3400,3400,0.000800670679439719,0.000332513823343789,0.000800670679439719,0.000800670679439719
"2020/04/20","PA",4246440,1067,39,4467,126,4467,126,4467,4467,0.00105193997795801,0.000251269298518288,0.00105193997795801,0.00105193997795801
"2020/04/27","PA",4246440,1312,39,5779,165,5779,165,5779,5779,0.00136090466367122,0.000308964685713209,0.00136090466367122,0.00136090466367122
"2020/05/04","PA",4246440,1418,35,7154,199,7197,200,7197,7197,0.00169483143527284,0.000333926771601624,0.00169483143527284,0.00169483143527284
"2020/05/11","PA",4246440,1251,44,8135,241,8448,244,8448,8448,0.0019894311470314,0.000294599711758555,0.0019894311470314,0.0019894311470314
"2020/05/18","PA",4246440,1158,31,8617,251,9606,275,9606,9606,0.00226213016079351,0.000272699013762116,0.00226213016079351,0.00226213016079351
"2020/05/25","PA",4246440,1320,31,8938,252,10926,306,10926,10926,0.00257297877751717,0.000310848616723656,0.00257297877751717,0.00257297877751717
"2020/06/01","PA",4246440,2537,30,10063,249,13463,336,13463,13463,0.00317042039920498,0.000597441621687814,0.00317042039920498,0.00317042039920498
"2020/06/08","PA",4246440,2962,57,11958,267,16425,393,16382,16425,0.00386794585582276,0.000697525456617779,0.00385781972664161,0.00386794585582276
"2020/06/15","PA",4246440,4261,44,14907,272,20686,437,20373,20686,0.00487137461026177,0.00100342875443901,0.00479766580947806,0.00487137461026177
"2020/06/22","PA",4246440,5344,64,18833,301,26030,501,25041,26030,0.00612984052523997,0.00125846591497819,0.00589693955407353,0.00612984052523997
"2020/06/29","PA",4246440,5656,103,23238,360,31686,604,29698,31686,0.00746177974962557,0.0013319392243856,0.00699362289352964,0.00746177974962557
"2020/07/06","PA",4246440,6463,143,28543,472,38149,747,34749,38149,0.00898376051468995,0.00152198076506438,0.00818308983525023,0.00898376051468995
"2020/07/13","PA",4246440,7484,162,34707,603,45633,909,41166,45633,0.0107461779749626,0.0017624174602726,0.00969423799700455,0.0107461779749626
"2020/07/20","PA",4246440,7835,187,40005,760,53468,1096,47689,53425,0.0125912529083185,0.00184507493335594,0.0112303482446473,0.0125811267791373
"2020/07/27","PA",4246440,6828,198,43871,901,60296,1294,53099,59983,0.0141991880257345,0.001607935117416,0.0125043565904617,0.0141254792249508
"2020/08/03","PA",4246440,7157,177,46767,1034,67453,1471,59005,66464,0.0158845998059551,0.00168541178022061,0.0138951686589237,0.0156516988347887
"2020/08/10","PA",4246440,7039,168,48462,1138,74492,1639,64886,72504,0.0175422236037716,0.00165762379781652,0.0152800934429781,0.0170740667476757
"2020/08/17","PA",4246440,7448,128,50254,1163,81940,1767,71014,78540,0.0192961633744972,0.0017539397707256,0.0167231845969801,0.0184954926950575
"2020/08/24","PA",4246440,4960,125,48751,1145,86900,1892,73437,82433,0.020464200600974,0.00116803722647677,0.017293780201769,0.019412260623016
"2020/08/31","PA",4246440,5165,103,46432,1086,92065,1995,75640,86286,0.0216805135595934,0.00121631295861946,0.0178125677037707,0.0203196088959222
"2020/09/07","PA",4246440,4978,91,43575,990,97043,2086,76357,89846,0.0228527896308437,0.00117227607125027,0.0179814150205819,0.0211579581955709
"2020/09/14","PA",4246440,4702,80,41449,872,101745,2166,75715,93297,0.0239600700822336,0.00110728045138987,0.0178302295569936,0.0219706389352022
"2020/09/21","PA",4246440,4458,91,38750,786,106203,2257,74517,96597,0.0250098906378048,0.00104982055557125,0.0175481108881793,0.0227477604770113
"2020/09/28","PA",4246440,4352,83,36063,701,110555,2340,72406,99629,0.0260347491074877,0.00102485846968284,0.0170509885927977,0.0234617703299705
"2020/10/05","PA",4246440,4731,83,33346,656,115286,2423,69653,101823,0.0271488588087904,0.00111410970130274,0.0164026808338279,0.0239784384095854
"2020/10/12","PA",4246440,5027,68,33413,599,120313,2491,66845,103888,0.0283326739574797,0.00118381514868926,0.0157414210491612,0.0244647281016569
"2020/10/19","PA",4246440,4432,73,32680,569,124745,2564,64449,104059,0.029376371737267,0.0010436977797873,0.0151771837115325,0.0245049971270052
"2020/10/26","PA",4246440,4455,69,32157,547,129200,2633,61747,103170,0.0304254858187093,0.00104911408144234,0.0145408860127542,0.0242956452934694
"2020/11/02","PA",4246440,5136,73,32591,540,134336,2706,59844,102650,0.0316349695274159,0.00120948370870659,0.0140927459236443,0.0241731897777903
"2020/11/09","PA",4246440,5191,92,33324,541,139527,2798,57587,101378,0.0328574052618193,0.00122243573440341,0.0135612418873221,0.0238736447471294
"2020/11/16","PA",4246440,7126,75,36098,533,146653,2873,59753,101020,0.0345355168093744,0.00167811154755513,0.0140713162084004,0.0237893388344119
"2020/11/23","PA",4246440,8130,84,39497,534,154783,2957,62718,101315,0.0364500616987406,0.00191454488936615,0.0147695481391471,0.0238588087904221
"2020/11/30","PA",4246440,9946,103,44416,569,164729,3060,67686,104433,0.0387922589274781,0.00234219722873748,0.0159394692966344,0.0245930709017436
"2020/12/07","PA",4246440,12990,133,52974,629,177719,3193,75974,110266,0.0418512919056904,0.00305903297821234,0.0178912218234568,0.0259666920997353
"2020/12/14","PA",4246440,15288,163,63807,723,193007,3356,86804,118515,0.0454514840666535,0.00360019216096307,0.0204415934288486,0.0279092604628818
"2020/12/21","PA",4246440,21031,241,79702,891,214038,3597,103483,132098,0.0504041032017408,0.00495261913508727,0.0243693540942531,0.0311079398272435
"2020/12/28","PA",4246440,19667,295,94178,1094,233705,3892,118419,146805,0.0550355120995469,0.00463140889780616,0.0278866532907565,0.0345713114985729
"2021/01/04","PA",4246440,20031,248,107083,1267,253736,4140,133423,161671,0.0597526398583284,0.00471712775878147,0.0314199659008487,0.0380721262987349
"2021/01/11","PA",4246440,25460,315,124413,1498,279196,4455,154451,182153,0.0657482502990741,0.00599561044074566,0.0363718785618071,0.0428954606682303
