"date","countrycode2","population","cases","deaths","cases_prev_week","deaths_prev_week","cases_infected","cum_deaths","cases_contagious","cases_active","p_cases_infected","p_cases","p_cases_contagious","p_cases_active"
"2020/03/23","PG",8776119,1,0,1,0,1,0,1,1,1.13945583463488e-07,1.13945583463488e-07,1.13945583463488e-07,1.13945583463488e-07
"2020/03/30","PG",8776119,0,0,1,0,1,0,1,1,1.13945583463488e-07,0,1.13945583463488e-07,1.13945583463488e-07
"2020/04/06","PG",8776119,0,0,1,0,1,0,1,1,1.13945583463488e-07,0,1.13945583463488e-07,1.13945583463488e-07
"2020/04/13","PG",8776119,1,0,2,0,2,0,2,2,2.27891166926975e-07,1.13945583463488e-07,2.27891166926975e-07,2.27891166926975e-07
"2020/04/20","PG",8776119,5,0,7,0,7,0,7,7,7.97619084244414e-07,5.69727917317438e-07,7.97619084244414e-07,7.97619084244414e-07
"2020/04/27","PG",8776119,1,0,8,0,8,0,8,8,9.11564667707901e-07,1.13945583463488e-07,9.11564667707901e-07,9.11564667707901e-07
"2020/05/04","PG",8776119,0,0,8,0,8,0,8,8,9.11564667707901e-07,0,9.11564667707901e-07,9.11564667707901e-07
"2020/05/11","PG",8776119,0,0,7,0,8,0,8,8,9.11564667707901e-07,0,9.11564667707901e-07,9.11564667707901e-07
"2020/05/18","PG",8776119,0,0,7,0,8,0,8,8,9.11564667707901e-07,0,9.11564667707901e-07,9.11564667707901e-07
"2020/05/25","PG",8776119,0,0,7,0,8,0,8,8,9.11564667707901e-07,0,9.11564667707901e-07,9.11564667707901e-07
"2020/06/01","PG",8776119,0,0,6,0,8,0,8,8,9.11564667707901e-07,0,9.11564667707901e-07,9.11564667707901e-07
"2020/06/08","PG",8776119,0,0,1,0,8,0,8,8,9.11564667707901e-07,0,9.11564667707901e-07,9.11564667707901e-07
"2020/06/15","PG",8776119,0,0,0,0,8,0,7,8,9.11564667707901e-07,0,7.97619084244414e-07,9.11564667707901e-07
"2020/06/22","PG",8776119,1,0,1,0,9,0,8,9,1.02551025117139e-06,1.13945583463488e-07,9.11564667707901e-07,1.02551025117139e-06
"2020/06/29","PG",8776119,2,0,3,0,11,0,10,11,1.25340141809836e-06,2.27891166926975e-07,1.13945583463488e-06,1.25340141809836e-06
"2020/07/06","PG",8776119,0,0,3,0,11,0,9,11,1.25340141809836e-06,0,1.02551025117139e-06,1.25340141809836e-06
"2020/07/13","PG",8776119,0,0,3,0,11,0,4,11,1.25340141809836e-06,0,4.55782333853951e-07,1.25340141809836e-06
"2020/07/20","PG",8776119,6,0,9,0,17,0,9,17,1.93707491887929e-06,6.83673500780926e-07,1.02551025117139e-06,1.93707491887929e-06
"2020/07/27","PG",8776119,45,0,54,0,62,0,54,61,7.06462617473624e-06,5.12755125585695e-06,6.15306150702833e-06,6.95068059127275e-06
"2020/08/03","PG",8776119,48,2,102,2,110,2,102,109,1.25340141809836e-05,5.46938800624741e-06,1.16224495132757e-05,1.24200685975202e-05
"2020/08/10","PG",8776119,104,1,205,3,214,3,206,213,2.43843548611864e-05,1.18503406802027e-05,2.34727901934785e-05,2.42704092777229e-05
"2020/08/17","PG",8776119,109,0,312,3,323,3,315,321,3.68044234587065e-05,1.24200685975202e-05,3.58928587909986e-05,3.65765322917795e-05
"2020/08/24","PG",8776119,78,1,390,4,401,4,393,394,4.56921789688586e-05,8.88775551015204e-06,4.47806143011507e-05,4.48945598846141e-05
"2020/08/31","PG",8776119,58,1,448,5,459,5,451,451,5.23010228097408e-05,6.60884384088229e-06,5.13894581420329e-05,5.13894581420329e-05
"2020/09/07","PG",8776119,38,0,480,5,497,5,489,489,5.66309549813534e-05,4.32993217161253e-06,5.57193903136455e-05,5.57193903136455e-05
"2020/09/14","PG",8776119,14,1,449,6,511,6,502,503,5.82261931498422e-05,1.59523816848883e-06,5.72006828986708e-05,5.73146284821343e-05
"2020/09/21","PG",8776119,6,1,407,5,517,7,506,509,5.89098666506231e-05,6.83673500780926e-07,5.76564652325248e-05,5.79983019829152e-05
"2020/09/28","PG",8776119,15,0,318,4,532,7,521,524,6.06190504025754e-05,1.70918375195232e-06,5.93656489844771e-05,5.97074857348675e-05
"2020/10/05","PG",8776119,8,0,217,4,540,7,529,532,6.15306150702833e-05,9.11564667707901e-07,6.0277213652185e-05,6.06190504025754e-05
"2020/10/12","PG",8776119,14,0,153,3,554,7,537,546,6.31258532387722e-05,1.59523816848883e-06,6.11887783198929e-05,6.22142885710643e-05
"2020/10/19","PG",8776119,27,0,122,2,581,7,519,573,6.62023839922863e-05,3.07653075351417e-06,5.91377578175501e-05,6.52908193245784e-05
"2020/10/26","PG",8776119,7,0,91,2,588,7,478,579,6.70000030765308e-05,7.97619084244414e-07,5.44659888955471e-05,6.59744928253594e-05
"2020/11/02","PG",8776119,2,0,79,1,590,7,376,579,6.72278942434577e-05,2.27891166926975e-07,4.28435393822714e-05,6.59744928253594e-05
"2020/11/09","PG",8776119,7,0,80,0,597,7,274,586,6.80255133277021e-05,7.97619084244414e-07,3.12210898689956e-05,6.67721119096038e-05
"2020/11/16","PG",8776119,3,0,68,0,600,7,199,589,6.83673500780926e-05,3.41836750390463e-07,2.2675171109234e-05,6.71139486599942e-05
"2020/11/23","PG",8776119,4,0,64,0,604,7,145,587,6.88231324119466e-05,4.55782333853951e-07,1.65221096022057e-05,6.68860574930673e-05
"2020/11/30","PG",8776119,51,0,101,0,655,7,158,593,7.46343571685844e-05,5.81122475663787e-06,1.80034021872311e-05,6.75697309938482e-05
"2020/12/07","PG",8776119,16,0,90,0,671,7,160,561,7.64574865040002e-05,1.8231293354158e-06,1.8231293354158e-05,6.39234723230166e-05
"2020/12/14","PG",8776119,54,1,137,1,725,8,208,511,8.26105480110286e-05,6.15306150702833e-06,2.37006813604054e-05,5.82261931498422e-05
"2020/12/21","PG",8776119,36,1,171,2,761,9,229,438,8.67125890157141e-05,4.10204100468556e-06,2.60935386131387e-05,4.99081655570076e-05
"2020/12/28","PG",8776119,19,0,183,2,780,9,240,379,8.88775551015204e-05,2.16496608580627e-06,2.7346940031237e-05,4.31853761326618e-05
"2021/01/04","PG",8776119,19,0,199,2,799,9,245,340,9.10425211873267e-05,2.16496608580627e-06,2.79166679485545e-05,3.87414983775858e-05
"2021/01/11","PG",8776119,12,0,207,2,811,9,230,314,9.24098681888885e-05,1.36734700156185e-06,2.62074841966022e-05,3.57789132075351e-05
