"date","countrycode2","population","cases","deaths","cases_prev_week","deaths_prev_week","cases_infected","cum_deaths","cases_contagious","cases_active","p_cases_infected","p_cases","p_cases_contagious","p_cases_active"
"2020/01/06","PK",216565317,0,0,0,0,0,0,0,0,0,0,0,0
"2020/01/13","PK",216565317,0,0,0,0,0,0,0,0,0,0,0,0
"2020/01/20","PK",216565317,0,0,0,0,0,0,0,0,0,0,0,0
"2020/01/27","PK",216565317,0,0,0,0,0,0,0,0,0,0,0,0
"2020/02/03","PK",216565317,0,0,0,0,0,0,0,0,0,0,0,0
"2020/02/10","PK",216565317,0,0,0,0,0,0,0,0,0,0,0,0
"2020/02/17","PK",216565317,0,0,0,0,0,0,0,0,0,0,0,0
"2020/02/24","PK",216565317,0,0,0,0,0,0,0,0,0,0,0,0
"2020/03/02","PK",216565317,4,0,4,0,4,0,4,4,1.84701782141782e-08,1.84701782141782e-08,1.84701782141782e-08,1.84701782141782e-08
"2020/03/09","PK",216565317,2,0,6,0,6,0,6,6,2.77052673212673e-08,9.23508910708911e-09,2.77052673212673e-08,2.77052673212673e-08
"2020/03/16","PK",216565317,25,0,31,0,31,0,31,31,1.43143881159881e-07,1.15438613838614e-07,1.43143881159881e-07,1.43143881159881e-07
"2020/03/23","PK",216565317,753,5,784,5,784,5,784,784,3.62015492997893e-06,3.47701104881905e-06,3.62015492997893e-06,3.62015492997893e-06
"2020/03/30","PK",216565317,742,8,1526,13,1526,13,1526,1526,7.04637298870899e-06,3.42621805873006e-06,7.04637298870899e-06,7.04637298870899e-06
"2020/04/06","PK",216565317,1751,37,3277,50,3277,50,3277,3277,1.51316935019655e-05,8.08532051325652e-06,1.51316935019655e-05,1.51316935019655e-05
"2020/04/13","PK",216565317,2097,43,5374,93,5374,93,5374,5374,2.48146844307484e-05,9.68299092878293e-06,2.48146844307484e-05,2.48146844307484e-05
"2020/04/20","PK",216565317,3044,83,8414,176,8418,176,8418,8418,3.88704900517381e-05,1.40558056209896e-05,3.88704900517381e-05,3.88704900517381e-05
"2020/04/27","PK",216565317,4910,105,13322,281,13328,281,13328,13328,6.15426338096418e-05,2.26721437579038e-05,6.15426338096418e-05,6.15426338096418e-05
"2020/05/04","PK",216565317,6858,181,20155,462,20186,462,20186,20186,9.32097543578504e-05,3.16671205482086e-05,9.32097543578504e-05,9.32097543578504e-05
"2020/05/11","PK",216565317,10755,205,30157,662,30941,667,30941,30941,0.000142871446031222,4.96616916733717e-05,0.000142871446031222,0.000142871446031222
"2020/05/18","PK",216565317,11184,236,40599,890,42125,903,42125,42125,0.000194514064318064,5.16426182868423e-05,0.000194514064318064,0.000194514064318064
"2020/05/25","PK",216565317,14224,264,53072,1117,56349,1167,56345,56349,0.000260194018047682,6.56799537296177e-05,0.000260175547869468,0.000260194018047682
"2020/06/01","PK",216565317,16111,376,67086,1450,72460,1543,72454,72460,0.000334587278349838,7.43932603021563e-05,0.000334559573082517,0.000334587278349838
"2020/06/08","PK",216565317,31211,524,95253,1891,103671,2067,103640,103671,0.000478705461410518,0.000144118183060679,0.000478562317529358,0.000478705461410518
"2020/06/15","PK",216565317,40807,662,131150,2448,144478,2729,143694,144478,0.00066713360200701,0.000188428140596493,0.000663513447077031,0.00066713360200701
"2020/06/22","PK",216565317,36610,861,160902,3128,181088,3590,179562,181088,0.000836181908112276,0.000169048306105266,0.000829135535123567,0.000836181908112276
"2020/06/29","PK",216565317,25424,577,175571,3500,206512,4167,203235,206512,0.000953578360841593,0.000117396452729317,0.000938446667339628,0.000953578360841593
"2020/07/06","PK",216565317,25306,595,189693,3859,231818,4762,226444,231814,0.00107042994331359,0.000116851582471999,0.00104561525888284,0.00107041147313538
"2020/07/13","PK",216565317,19807,504,195276,4099,251625,5266,243207,251619,0.00116188964828565,9.1459704972057e-05,0.00112301915823391,0.00116186194301833
"2020/07/20","PK",216565317,13458,333,192623,4056,265083,5599,251755,265052,0.00122403256288725,6.21429146016026e-05,0.00116248992907761,0.00122388941900609
"2020/07/27","PK",216565317,9206,243,170618,3775,274289,5842,254103,273505,0.00126654167804718,4.25091151599312e-05,0.00117333192368933,0.0012629215231172
"2020/08/03","PK",216565317,5740,142,135551,3255,280029,5984,249088,278503,0.00129304638378453,2.65047057373457e-05,0.00115017493775331,0.00128600001079582
"2020/08/10","PK",216565317,4631,113,103572,2507,284660,6097,242535,281383,0.00131443023261199,2.13838488274648e-05,0.00111991616829393,0.00129929853911003
"2020/08/17","PK",216565317,4555,78,82703,2008,289215,6175,232866,283841,0.00133546314805339,2.10329154413954e-05,0.00107526913000571,0.00131064846362264
"2020/08/24","PK",216565317,3550,60,60947,1473,292765,6235,220305,284347,0.00135185543121847,1.63922831650832e-05,0.00101726815286863,0.00131298494116673
"2020/08/31","PK",216565317,3084,59,44224,1028,295849,6294,192178,282521,0.0013660959386216,1.42405074031314e-05,0.000887390477211085,0.00130455330481196
"2020/09/07","PK",216565317,3054,51,33820,746,298903,6345,154425,278717,0.00138019791968813,1.41019810665251e-05,0.000713064317681118,0.00128698816533028
"2020/09/14","PK",216565317,3117,38,27731,541,302020,6383,120932,271079,0.00139459080606153,1.43928863733984e-05,0.00055840889794925,0.0012517193600303
"2020/09/21","PK",216565317,4284,37,26275,436,306304,6420,99792,264179,0.00141437236692891,1.97815608673849e-05,0.000460794006087318,0.00121985830261085
"2020/09/28","PK",216565317,4537,46,26181,369,310841,6466,79023,254492,0.00143532216656834,2.09497996394316e-05,0.000364892223254751,0.00117512814852066
"2020/10/05","PK",216565317,3775,47,25401,338,314616,6513,62991,242156,0.00145275339725797,1.74312306896307e-05,0.000290863748972325,0.00111816611890814
"2020/10/12","PK",216565317,4316,57,26167,335,318932,6570,53849,215261,0.00147268271955107,1.99293222930983e-05,0.000248650156663821,0.000993977258140554
"2020/10/19","PK",216565317,4520,89,27603,365,323452,6659,49163,178974,0.00149355402093309,2.08713013820214e-05,0.000227012342885911,0.000826420418926083
"2020/10/26","PK",216565317,5150,80,29699,394,328602,6739,48573,147514,0.00151733437538385,2.37803544507545e-05,0.00022428799159932,0.000681152467271571
"2020/11/02","PK",216565317,6491,96,33073,452,335093,6835,50433,128581,0.00154730685708091,2.99724816970577e-05,0.000232876624468913,0.000593728496239312
"2020/11/09","PK",216565317,9746,142,38535,557,344839,6977,55624,113021,0.00159230944629975,4.50025892188452e-05,0.000256846298246362,0.000521879502986159
"2020/11/16","PK",216565317,14193,183,48191,694,359032,7160,66267,107407,0.00165784625614821,6.55368098484579e-05,0.000305990824929737,0.00049595660786256
"2020/11/23","PK",216565317,17897,536,62313,1183,376929,7696,81080,111846,0.001740486451023,8.26401948747869e-05,0.000374390512401393,0.000516453888135744
"2020/11/30","PK",216565317,21095,329,79092,1455,398024,8025,99121,123735,0.00183789355338002,9.74071023570224e-05,0.00045769563369189,0.000571351875332836
"2020/12/07","PK",216565317,22270,373,96842,1739,420294,8398,118274,140265,0.00194072627058746,0.000102832717207437,0.000546135464525929,0.000647679886802927
"2020/12/14","PK",216565317,20493,434,112185,2093,440787,8832,134483,156127,0.00203535361112324,9.46273405357886e-05,0.000620981244194332,0.000720923378511251
"2020/12/21","PK",216565317,18181,560,123875,2557,458968,9392,148127,169753,0.00211930518865124,8.39515775279936e-05,0.000683983022082894,0.000783842040597849
"2020/12/28","PK",216565317,14341,537,128470,2952,473309,9929,158693,180544,0.00218552539509362,6.62202064423825e-05,0.000732771997835646,0.000833669963875148
"2021/01/04","PK",216565317,15220,421,129497,3190,488529,10350,169597,192680,0.00225580442319857,7.02790281049481e-05,0.000783121703647496,0.000889708484576965
"2021/01/11","PK",216565317,15764,326,127364,2980,504293,10676,180841,205390,0.00232859539554064,7.27909723420764e-05,0.000835041374607551,0.000948397475852516
"2021/01/18","PK",216565317,16918,321,123187,2972,521211,10997,192609,219191,0.00240671501429751,7.81196187568668e-05,0.000889380638913663,0.00101212420823598
