"date","countrycode2","population","cases","deaths","cases_prev_week","deaths_prev_week","cases_infected","cum_deaths","cases_contagious","cases_active","p_cases_infected","p_cases","p_cases_contagious","p_cases_active"
"2020/03/16","PS",4981422,38,0,38,0,38,0,38,38,7.62834387450009e-06,7.62834387450009e-06,7.62834387450009e-06,7.62834387450009e-06
"2020/03/23","PS",4981422,21,0,59,0,59,0,59,59,1.18440075946186e-05,4.21566372011847e-06,1.18440075946186e-05,1.18440075946186e-05
"2020/03/30","PS",4981422,47,1,106,1,106,1,106,106,2.12790644920266e-05,9.43505689740801e-06,2.12790644920266e-05,2.12790644920266e-05
"2020/04/06","PS",4981422,111,0,217,1,217,1,217,217,4.35618584412242e-05,2.22827939491976e-05,4.35618584412242e-05,4.35618584412242e-05
"2020/04/13","PS",4981422,51,1,268,2,268,2,268,268,5.37998989043691e-05,1.02380404631449e-05,5.37998989043691e-05,5.37998989043691e-05
"2020/04/20","PS",4981422,54,0,322,2,322,2,322,322,6.46401770418166e-05,1.08402781374475e-05,6.46401770418166e-05,6.46401770418166e-05
"2020/04/27","PS",4981422,173,0,495,2,495,2,495,495,9.93692162599354e-05,3.47290392181188e-05,9.93692162599354e-05,9.93692162599354e-05
"2020/05/04","PS",4981422,27,2,484,4,522,4,522,522,0.000104789355328659,5.42013906872375e-06,0.000104789355328659,0.000104789355328659
"2020/05/11","PS",4981422,25,0,488,4,547,4,547,547,0.000109808002614514,5.01864728585532e-06,0.000109808002614514,0.000109808002614514
"2020/05/18","PS",4981422,13,0,454,3,560,4,560,560,0.000112417699203159,2.60969658864477e-06,0.000112417699203159,0.000112417699203159
"2020/05/25","PS",4981422,42,1,385,4,602,5,602,602,0.000120849026643396,8.43132744023694e-06,0.000120849026643396,0.000120849026643396
"2020/06/01","PS",4981422,25,0,359,3,627,5,627,627,0.000125867673929252,5.01864728585532e-06,0.000125867673929252,0.000125867673929252
"2020/06/08","PS",4981422,24,0,329,3,651,5,613,651,0.000130685575323673,4.81790139442111e-06,0.000123057231449173,0.000130685575323673
"2020/06/15","PS",4981422,22,0,178,3,673,5,614,673,0.000135101984935225,4.41640961155268e-06,0.000123257977340607,0.000135101984935225
"2020/06/22","PS",4981422,349,0,500,1,1022,5,916,1022,0.000205162301045766,7.00603161105403e-05,0.000183883236553739,0.000205162301045766
"2020/06/29","PS",4981422,1226,2,1701,3,2248,7,2031,2248,0.000451276763944111,0.000246114462898345,0.000407714905502887,0.000451276763944111
"2020/07/06","PS",4981422,2210,13,3898,16,4458,20,4190,4458,0.000894925184013721,0.000443648420069611,0.000841125285109352,0.000894925184013721
"2020/07/13","PS",4981422,2580,17,6436,32,7038,37,6716,7038,0.00141284958391399,0.000517924399900269,0.00134820940687217,0.00141284958391399
"2020/07/20","PS",4981422,3014,25,9425,57,10052,62,9557,10014,0.00201789770069671,0.000605048116782718,0.00191852848443677,0.00201026935682221
"2020/07/27","PS",4981422,3077,16,12478,73,13129,78,12607,13070,0.00263559280863978,0.000617695107943073,0.00253080345331112,0.00262374880104516
"2020/08/03","PS",4981422,2651,9,15107,82,15780,87,15233,15674,0.00316777016683188,0.000532177358192099,0.00305796216421737,0.00314649110233985
"2020/08/10","PS",4981422,2871,16,17629,98,18651,103,18091,18434,0.00374411162113951,0.000576341454307625,0.00363169392193635,0.00370054976269828
"2020/08/17","PS",4981422,3284,18,19687,114,21935,121,21333,21667,0.00440336112860946,0.000659249507469955,0.00428251210196607,0.00434956122970509
"2020/08/24","PS",4981422,3089,22,20566,123,25024,143,24397,24702,0.00502346518724974,0.000620104058640284,0.00489759751332049,0.00495882501020793
"2020/08/31","PS",4981422,4039,23,22025,129,29063,166,28412,28568,0.00583427784275253,0.000810812655502786,0.00570359226742886,0.0057349086264926
"2020/09/07","PS",4981422,4949,37,23960,141,34012,203,33339,33490,0.00682776925946045,0.00099349141670792,0.00669266727452523,0.00672297990413179
"2020/09/14","PS",4981422,5498,47,26381,172,39510,250,38488,38963,0.00793147017056575,0.0011037009111053,0.00772630786951999,0.00782166216795124
"2020/09/21","PS",4981422,5936,50,29666,213,45446,300,43198,44886,0.00912309778211924,0.00119162761155349,0.00867182101817513,0.00901068008291608
"2020/09/28","PS",4981422,3747,43,30542,240,49193,343,44735,48591,0.00987529263732324,0.000752194855203996,0.00898036745330952,0.00975444361067984
"2020/10/05","PS",4981422,3240,48,30498,270,52433,391,45395,51806,0.0105257093255701,0.00065041668824685,0.0091128597416561,0.0103998416516408
"2020/10/12","PS",4981422,3123,54,30532,302,55556,445,45504,54905,0.0111526387445191,0.000626929418949047,0.00913474104382243,0.0110219531691955
"2020/10/19","PS",4981422,2983,34,29476,313,58539,479,45410,57866,0.0117514637386674,0.000598824994148257,0.00911587093002761,0.0116163617537322
"2020/10/26","PS",4981422,3507,39,28034,315,62046,518,46266,61024,0.0124554795799272,0.000704015841259785,0.0092877094130953,0.0122503172788814
"2020/11/02","PS",4981422,3756,43,26292,311,65802,561,47151,63554,0.0132094811481541,0.000754001568226904,0.00946536952701458,0.01275820438421
"2020/11/09","PS",4981422,4359,26,24715,287,70161,587,48226,65703,0.0140845324889158,0.000875051340761734,0.00968117136030635,0.0131896073049021
"2020/11/16","PS",4981422,5165,53,26133,297,75326,640,50302,68288,0.0151213850181735,0.00103685252925771,0.0100979198309238,0.0137085354342595
"2020/11/23","PS",4981422,9014,74,31907,323,84340,714,55277,74288,0.0169309084835615,0.001809523465388,0.011096630640809,0.0149130107828648
"2020/11/30","PS",4981422,12448,93,41232,362,96788,807,62776,83659,0.0194297933401346,0.00249888485657308,0.0126020240806742,0.0167942005314948
"2020/12/07","PS",4981422,15247,115,53496,443,112035,922,72525,96255,0.0224905659468321,0.00306077260669745,0.0145590957762663,0.0193227957800002
"2020/12/14","PS",4981422,12622,157,62611,561,124657,1079,79211,106006,0.0250243805885147,0.00253381464168264,0.0159012828063954,0.0212802689673752
"2020/12/21","PS",4981422,15390,208,74245,726,140047,1287,90854,118112,0.0281138598576872,0.00308947926917254,0.018238567220364,0.0237104987290778
"2020/12/28","PS",4981422,10316,147,80202,847,150363,1434,97930,125339,0.0301847544737226,0.00207089461603534,0.0196590451481525,0.0251612892864728
"2021/01/04","PS",4981422,9680,189,84717,983,160043,1623,104487,130980,0.0321279747028057,0.00194322022908318,0.0209753359582866,0.0262936968600532
"2021/01/11","PS",4981422,5906,124,81609,1033,165949,1747,107410,131937,0.0333135799376162,0.00118560523481046,0.0215621161989488,0.0264858106781558
"2021/01/18","PS",4981422,5266,125,74427,1065,171215,1872,109169,131705,0.0343707078019088,0.00105712786429257,0.0219152282219816,0.026439237631343
