"date","countrycode2","population","cases","deaths","cases_prev_week","deaths_prev_week","cases_infected","cum_deaths","cases_contagious","cases_active","p_cases_infected","p_cases","p_cases_contagious","p_cases_active"
"2020/03/09","PT",10276617,30,0,30,0,30,0,30,30,2.91924862043608e-06,2.91924862043608e-06,2.91924862043608e-06,2.91924862043608e-06
"2020/03/16","PT",10276617,215,0,245,0,245,0,245,245,2.3840530400228e-05,2.09212817797919e-05,2.3840530400228e-05,2.3840530400228e-05
"2020/03/23","PT",10276617,1355,14,1600,14,1600,14,1600,1600,0.000155693259756591,0.000131852729356363,0.000155693259756591,0.000155693259756591
"2020/03/30","PT",10276617,4362,105,5962,119,5962,119,5962,5962,0.000580152009167998,0.000424458749411406,0.000580152009167998,0.000580152009167998
"2020/04/06","PT",10276617,5316,176,11278,295,11278,295,11278,11278,0.00109744286470927,0.000517290855541274,0.00109744286470927,0.00109744286470927
"2020/04/13","PT",10276617,5307,209,16585,504,16585,504,16585,16585,0.00161385794566441,0.000516415080955143,0.00161385794566441,0.00161385794566441
"2020/04/20","PT",10276617,3621,210,20206,714,20206,714,20206,20206,0.00196621125415105,0.000352353308486635,0.00196621125415105,0.00196621125415105
"2020/04/27","PT",10276617,3640,214,23816,928,23846,928,23846,23846,0.00232041342009729,0.000354202165946245,0.00232041342009729,0.00232041342009729
"2020/05/04","PT",10276617,1678,135,25279,1063,25524,1063,25524,25524,0.00248369672626702,0.000163283306169725,0.00248369672626702,0.00248369672626702
"2020/05/11","PT",10276617,2057,72,25981,1121,27581,1135,27581,27581,0.00268385987334159,0.000200163147074567,0.00268385987334159,0.00268385987334159
"2020/05/18","PT",10276617,1455,83,23074,1099,29036,1218,29036,29036,0.00282544343143274,0.00014158355809115,0.00282544343143274,0.00282544343143274
"2020/05/25","PT",10276617,1587,98,19345,1021,30623,1316,30623,30623,0.00297987168345381,0.000154428252021069,0.00297987168345381,0.00297987168345381
"2020/06/01","PT",10276617,1877,94,15915,906,32500,1410,32470,32500,0.00316251933880576,0.000182647655351951,0.00315960009018532,0.00316251933880576
"2020/06/08","PT",10276617,1993,69,14287,765,34493,1479,34248,34493,0.00335645475549006,0.000193935416684304,0.00333261422508983,0.00335645475549006
"2020/06/15","PT",10276617,2197,38,12844,589,36690,1517,35090,36690,0.00357024106279333,0.000213786307303269,0.00341454780303674,0.00357024106279333
"2020/06/22","PT",10276617,2443,13,13609,467,39133,1530,33171,39133,0.00380796520878417,0.000237724145990845,0.00322781319961618,0.00380796520878417
"2020/06/29","PT",10276617,2513,34,14065,429,41646,1564,30368,41646,0.00405250093488937,0.000244535726105196,0.0029550580701801,0.00405250093488937
"2020/07/06","PT",10276617,2251,50,14861,396,43897,1614,27312,43897,0.00427154188970942,0.000219040954820054,0.00265768394404501,0.00427154188970942
"2020/07/13","PT",10276617,2615,46,15889,344,46512,1660,26306,46482,0.0045260030611241,0.000254461171414679,0.00255979180697305,0.00452308381250367
"2020/07/20","PT",10276617,2124,29,16136,279,48636,1689,24790,48391,0.00473268586345098,0.000206682802326875,0.00241227244335368,0.00470884533305075
"2020/07/27","PT",10276617,1528,28,15671,238,50164,1717,24640,48564,0.00488137292651852,0.000148687063067545,0.0023976762002515,0.00472567966676193
"2020/08/03","PT",10276617,1299,21,14773,221,51463,1738,23882,45501,0.0050077763917834,0.000126403465264882,0.00232391651844182,0.00442762438261541
"2020/08/10","PT",10276617,1205,18,13535,226,52668,1756,23632,41390,0.00512503287803759,0.000117256486254183,0.00229958944660485,0.00402759001332832
"2020/08/17","PT",10276617,1434,22,12456,214,54102,1778,23479,37517,0.00526457296209443,0.000139540084056845,0.00228470127864063,0.00365071501643002
"2020/08/24","PT",10276617,1495,18,11700,182,55597,1796,23097,35391,0.0054100488516795,0.000145475889585065,0.00224752951287374,0.00344383759752845
"2020/08/31","PT",10276617,2171,23,11256,159,57768,1819,23275,33922,0.00562130514351172,0.000211256291832225,0.00226485038802166,0.00330089172341443
"2020/09/07","PT",10276617,2490,21,11622,151,60258,1840,23568,34734,0.00586360277900792,0.000242297635496195,0.00229336171621459,0.0033799060527409
"2020/09/14","PT",10276617,3725,27,13819,150,63983,1867,24850,36402,0.00622607614937873,0.000362473370370814,0.00241811094059456,0.00354221627603714
"2020/09/21","PT",10276617,4594,45,17114,174,68577,1912,26931,39541,0.00667311042145484,0.000447034272076112,0.00262060948656547,0.00384766699002211
"2020/09/28","PT",10276617,5027,41,20936,197,73604,1953,29707,42981,0.00716227918195258,0.00048916876049774,0.00289073729224316,0.00418240749849878
"2020/10/05","PT",10276617,4643,42,24145,217,78247,1995,31735,45747,0.00761408156010874,0.000451802378156158,0.00308807849898464,0.00445156222130298
"2020/10/12","PT",10276617,8417,85,31067,284,86664,2080,38028,52171,0.00843312541471576,0.000819043854607017,0.00370043955126478,0.0050766706592257
"2020/10/19","PT",10276617,13247,101,42143,362,99911,2181,49747,63221,0.00972216829721298,0.00128904288249723,0.00484079537069446,0.00615192723441965
"2020/10/26","PT",10276617,18775,135,58428,476,118686,2316,67223,79553,0.0115491313921692,0.00182696309495625,0.00654135500038583,0.00774116618338506
"2020/11/02","PT",10276617,25655,228,80358,677,144341,2544,91673,102695,0.0140455755040788,0.00249644411190959,0.00892054262604123,0.00999307456918945
"2020/11/09","PT",10276617,34983,352,110747,984,179324,2896,125222,135427,0.0174497113203693,0.00340413581629052,0.0121851383582749,0.0131781694306599
"2020/11/16","PT",10276617,37977,485,143697,1428,217301,3381,161704,170789,0.0211451881489794,0.00369547682861004,0.0157351392972999,0.0166191850878553
"2020/11/23","PT",10276617,43457,516,182511,1902,260758,3897,202990,212122,0.0253739143922557,0.00422872624327636,0.019752609248744,0.0206412285288048
"2020/11/30","PT",10276617,34041,530,208135,2347,294799,4427,234541,244635,0.0286863858018646,0.00331247140960882,0.0228227830228566,0.023805012875346
"2020/12/07","PT",10276617,27675,536,222563,2782,322474,4963,258491,271011,0.0313793926542168,0.00269300685235229,0.0251533165048381,0.0263716162624334
"2020/12/14","PT",10276617,26270,596,230058,3243,348744,5559,280167,296076,0.0339356813628454,0.00255628870862853,0.0272625709413905,0.0288106484848078
"2020/12/21","PT",10276617,25377,575,229780,3590,374121,6134,300517,320019,0.0364050737708723,0.00246939240802688,0.0292427945889197,0.0311405008087778
"2020/12/28","PT",10276617,22545,543,217342,3781,396666,6677,318419,341069,0.03859888910913,0.00219381533825772,0.0309848075490212,0.0331888402574505
"2021/01/04","PT",10276617,34957,519,214322,3815,431623,7196,344959,373855,0.0420004949099494,0.00340160580081947,0.0335673694952337,0.0363791897664377
"2021/01/11","PT",10276617,57670,729,228535,4028,489293,7925,389382,429035,0.0476122638413011,0.00561176893135163,0.0378900955440881,0.0417486610622932
"2021/01/18","PT",10276617,67210,1103,261704,4601,556503,9028,437817,492520,0.0541523538339514,0.0065400899926503,0.0426032224417822,0.0479262776845727
