"date","countrycode2","population","cases","deaths","cases_prev_week","deaths_prev_week","cases_infected","cum_deaths","cases_contagious","cases_active","p_cases_infected","p_cases","p_cases_contagious","p_cases_active"
"2020/01/06","RU",145872260,0,0,0,0,0,0,0,0,0,0,0,0
"2020/01/13","RU",145872260,0,0,0,0,0,0,0,0,0,0,0,0
"2020/01/20","RU",145872260,0,0,0,0,0,0,0,0,0,0,0,0
"2020/01/27","RU",145872260,0,0,0,0,0,0,0,0,0,0,0,0
"2020/02/03","RU",145872260,2,0,2,0,2,0,2,2,1.37106259956485e-08,1.37106259956485e-08,1.37106259956485e-08,1.37106259956485e-08
"2020/02/10","RU",145872260,0,0,2,0,2,0,2,2,1.37106259956485e-08,0,1.37106259956485e-08,1.37106259956485e-08
"2020/02/17","RU",145872260,0,0,2,0,2,0,2,2,1.37106259956485e-08,0,1.37106259956485e-08,1.37106259956485e-08
"2020/02/24","RU",145872260,0,0,2,0,2,0,2,2,1.37106259956485e-08,0,1.37106259956485e-08,1.37106259956485e-08
"2020/03/02","RU",145872260,0,0,2,0,2,0,2,2,1.37106259956485e-08,0,1.37106259956485e-08,1.37106259956485e-08
"2020/03/09","RU",145872260,8,0,10,0,10,0,10,10,6.85531299782426e-08,5.48425039825941e-08,6.85531299782426e-08,6.85531299782426e-08
"2020/03/16","RU",145872260,53,0,63,0,63,0,63,63,4.31884718862928e-07,3.63331588884686e-07,4.31884718862928e-07,4.31884718862928e-07
"2020/03/23","RU",145872260,304,0,365,0,367,0,367,367,2.5158998702015e-06,2.08401515133858e-06,2.5158998702015e-06,2.5158998702015e-06
"2020/03/30","RU",145872260,1167,8,1532,8,1534,8,1534,1534,1.05160501386624e-05,8.00015026846091e-06,1.05160501386624e-05,1.05160501386624e-05
"2020/04/06","RU",145872260,3855,37,5387,45,5389,45,5389,5389,3.69432817452749e-05,2.64272316066125e-05,3.69432817452749e-05,3.69432817452749e-05
"2020/04/13","RU",145872260,10381,85,15768,130,15770,130,15770,15770,0.000108108285975689,7.11650042304137e-05,0.000108108285975689,0.000108108285975689
"2020/04/20","RU",145872260,27083,231,42851,361,42853,361,42853,42853,0.000293770727895763,0.000185662441920074,0.000293770727895763,0.000293770727895763
"2020/04/27","RU",145872260,38096,386,80939,747,80949,747,80947,80949,0.000554930731860876,0.000261160003965113,0.00055491702123488,0.000554930731860876
"2020/05/04","RU",145872260,53738,533,134624,1280,134687,1280,134685,134687,0.000923321541737956,0.00036839080987708,0.000923307831111961,0.000923321541737956
"2020/05/11","RU",145872260,75001,635,209321,1915,209688,1915,209686,209688,0.00143747687188777,0.000514155330149817,0.00143746316126178,0.00143747687188777
"2020/05/18","RU",145872260,72064,716,280218,2623,281752,2631,281750,281752,0.00193149814776298,0.000494021275875208,0.00193148443713699,0.00193149814776298
"2020/05/25","RU",145872260,62729,910,339092,3496,344481,3541,344479,344481,0.0023615250768035,0.000430026929040518,0.0023615113661775,0.0023615250768035
"2020/06/01","RU",145872260,61362,1152,390073,4563,405843,4693,405833,405843,0.00278218079297599,0.000420655716172492,0.00278211223984601,0.00278218079297599
"2020/06/08","RU",145872260,61830,1166,424820,5498,467673,5859,467610,467671,0.00320604479563147,0.000423864002655474,0.0032056129109126,0.00320603108500547
"2020/06/15","RU",145872260,61291,1089,448015,6201,528964,6948,528597,528962,0.00362621378458111,0.000420168988949647,0.00362369788471091,0.00362620007395512
"2020/06/22","RU",145872260,55716,1163,449993,6831,584680,8111,583146,584678,0.00400816440356789,0.000381950618986777,0.00399764835342923,0.00400815069294189
"2020/06/29","RU",145872260,49757,962,424749,7158,634437,9073,629048,634435,0.00434926421240063,0.000341099808832742,0.00431232093065536,0.00434925050177463
"2020/07/06","RU",145872260,46814,1088,399499,7530,681251,10161,665481,681249,0.00467018883508078,0.000320924622680145,0.00456208054910509,0.00467017512445478
"2020/07/13","RU",145872260,45911,1174,382681,7794,727162,11335,684309,727152,0.00498492311012389,0.00031473427504311,0.00469115238222812,0.00498485455699391
"2020/07/20","RU",145872260,44384,1007,365703,7649,771546,12342,690597,771483,0.00528918932221932,0.000304266212095432,0.00473425859035844,0.00528875743750045
"2020/07/27","RU",145872260,40939,927,344812,7410,812485,13269,677798,812118,0.00556983898103724,0.000280649658817927,0.00464651743929929,0.00556732308116704
"2020/08/03","RU",145872260,38385,859,321906,7180,850870,14128,641182,849336,0.00583298017045873,0.000263141189421484,0.00439550329857096,0.00582246412032007
"2020/08/10","RU",145872260,36666,803,302856,6820,887536,14931,605784,882147,0.00608433707683695,0.000251356906378224,0.00415283892907397,0.00604739379509168
"2020/08/17","RU",145872260,35317,754,288416,6612,922853,15685,578372,907083,0.00632644616598111,0.000242109089144159,0.00396492108917761,0.00621833788000542
"2020/08/24","RU",145872260,33896,698,275498,6222,956749,16383,550906,913896,0.00655881385535536,0.000232367689374251,0.00377663306237937,0.0062650431274596
"2020/08/31","RU",145872260,33577,710,263164,5758,990326,17093,522653,909377,0.00678899469988331,0.000230180844527945,0.00358294990425184,0.00623406396802243
"2020/09/07","RU",145872260,35179,727,253959,5478,1025505,17820,496541,890818,0.00703015775583377,0.00024116305595046,0.00340394397125266,0.00610683621409581
"2020/09/14","RU",145872260,37306,758,250326,5309,1062811,18578,478131,853123,0.0072859020625306,0.000255744306696832,0.00327773765896271,0.00584842519064283
"2020/09/21","RU",145872260,40588,840,252529,5290,1103399,19418,468962,821647,0.00756414550648629,0.000278243443955691,0.00321488129408566,0.00563264735872331
"2020/09/28","RU",145872260,48039,906,263902,5393,1151438,20324,470187,806957,0.00789346788758877,0.00032932238110248,0.003223279052508,0.00553194281078527
"2020/10/05","RU",145872260,63563,1034,292148,5673,1215001,21358,487839,809158,0.00832921214766947,0.000435744260080704,0.00334428903754559,0.00554703135469348
"2020/10/12","RU",145872260,83717,1239,341969,6214,1298718,22597,527172,831045,0.00890311838590833,0.000573906238238854,0.00361392906368901,0.00569707359027686
"2020/10/19","RU",145872260,100616,1590,409008,7094,1399334,24187,586849,870370,0.00959287255849741,0.000689754172589086,0.00402303357746017,0.0059666587739163
"2020/10/26","RU",145872260,114543,1863,488372,8230,1513877,26050,663007,929197,0.0103781006752072,0.000785228116709784,0.00454512050474847,0.00636993627163931
"2020/11/02","RU",145872260,122904,2185,573970,9657,1636781,28235,749245,1002344,0.0112206460638918,0.000842545388684593,0.00513630898705484,0.00687138185149116
"2020/11/09","RU",145872260,137553,2302,670935,11119,1774334,30537,851481,1093083,0.0121636149326815,0.000942968868789721,0.0058371687667004,0.00749342609760074
"2020/11/16","RU",145872260,151491,2649,774387,12862,1925825,33186,969076,1198663,0.0132021331540349,0.0010385182213534,0.00664331929867954,0.00821721004391102
"2020/11/23","RU",145872260,163504,2993,874328,14821,2089329,36179,1099003,1317783,0.0143230042504312,0.00112087109639626,0.00753400955054786,0.00903381492821185
"2020/11/30","RU",145872260,179987,3348,970598,16930,2269316,39527,1243811,1456831,0.0155568714709706,0.0012338672205394,0.00852671371513679,0.00998703248993332
"2020/12/07","RU",145872260,191454,3614,1061436,18954,2460770,43141,1397959,1609900,0.016869348565656,0.00131247709468545,0.00958344650312541,0.0110363683951973
"2020/12/14","RU",145872260,193158,3800,1140051,20891,2653928,46941,1550529,1766392,0.0181935071136897,0.00132415854803374,0.0106293616072035,0.0121091700368528
"2020/12/21","RU",145872260,108740,2210,1125887,20916,2762668,49151,1611230,1839815,0.0189389538490732,0.00074544673538341,0.0110454859614844,0.012612507683092
"2020/12/28","RU",145872260,315367,6114,1303701,24728,3078035,55265,1863034,2121286,0.021100893343258,0.00216193949418484,0.0127716811955885,0.0145420794879026
"2021/01/04","RU",145872260,182103,3723,1334313,25802,3260138,58988,1961420,2269812,0.0223492664061008,0.00124837306284279,0.0134461480201925,0.0155602717062175
"2021/01/11","RU",145872260,165131,3285,1335940,26094,3425269,62273,2025935,2399764,0.0234812910967445,0.00113202469064372,0.0138884185382471,0.0164511333409107
"2021/01/18","RU",145872260,165797,3764,1321750,26510,3591066,66037,2077189,2528255,0.0246178814258448,0.00113659032910027,0.0142397807506376,0.0173319793633142
