"date","countrycode2","population","cases","deaths","cases_prev_week","deaths_prev_week","cases_infected","cum_deaths","cases_contagious","cases_active","p_cases_infected","p_cases","p_cases_contagious","p_cases_active"
"2020/03/16","RW",12626938,5,0,5,0,5,0,5,5,3.9597881925135e-07,3.9597881925135e-07,3.9597881925135e-07,3.9597881925135e-07
"2020/03/23","RW",12626938,14,0,19,0,19,0,19,19,1.50471951315513e-06,1.10874069390378e-06,1.50471951315513e-06,1.50471951315513e-06
"2020/03/30","RW",12626938,51,0,70,0,70,0,70,70,5.5437034695189e-06,4.03898395636377e-06,5.5437034695189e-06,5.5437034695189e-06
"2020/04/06","RW",12626938,34,0,104,0,104,0,104,104,8.23635944042808e-06,2.69265597090918e-06,8.23635944042808e-06,8.23635944042808e-06
"2020/04/13","RW",12626938,22,0,126,0,126,0,126,126,9.97866624513401e-06,1.74230680470594e-06,9.97866624513401e-06,9.97866624513401e-06
"2020/04/20","RW",12626938,21,0,147,0,147,0,147,147,1.16417772859897e-05,1.66311104085567e-06,1.16417772859897e-05,1.16417772859897e-05
"2020/04/27","RW",12626938,44,0,191,0,191,0,191,191,1.51263908954016e-05,3.48461360941188e-06,1.51263908954016e-05,1.51263908954016e-05
"2020/05/04","RW",12626938,68,0,254,0,259,0,259,259,2.05117028372199e-05,5.38531194181836e-06,2.05117028372199e-05,2.05117028372199e-05
"2020/05/11","RW",12626938,25,0,265,0,284,0,284,284,2.24915969334767e-05,1.97989409625675e-06,2.24915969334767e-05,2.24915969334767e-05
"2020/05/18","RW",12626938,8,0,222,0,292,0,292,292,2.31251630442788e-05,6.3356611080216e-07,2.31251630442788e-05,2.31251630442788e-05
"2020/05/25","RW",12626938,35,0,223,0,327,0,327,327,2.58970147790383e-05,2.77185173475945e-06,2.58970147790383e-05,2.58970147790383e-05
"2020/06/01","RW",12626938,43,1,244,1,370,1,370,370,2.93024326245999e-05,3.40541784556161e-06,2.93024326245999e-05,2.93024326245999e-05
"2020/06/08","RW",12626938,69,1,292,2,439,2,434,439,3.47669403302685e-05,5.46450770566863e-06,3.43709615110172e-05,3.47669403302685e-05
"2020/06/15","RW",12626938,143,0,391,2,582,2,563,582,4.60919345608571e-05,1.13249942305886e-05,4.4587215047702e-05,4.60919345608571e-05
"2020/06/22","RW",12626938,146,0,469,2,728,2,658,728,5.76545160829965e-05,1.15625815221394e-05,5.21108126134776e-05,5.76545160829965e-05
"2020/06/29","RW",12626938,172,0,616,2,900,2,796,900,7.1276187465243e-05,1.36216713822464e-05,6.30398280248149e-05,7.1276187465243e-05
"2020/07/06","RW",12626938,205,1,813,3,1105,3,979,1105,8.75113190545483e-05,1.62351315893053e-05,7.75326528094143e-05,8.75113190545483e-05
"2020/07/13","RW",12626938,232,1,1010,4,1337,4,1190,1337,0.000105884736267811,1.83734172132626e-05,9.42429589818212e-05,0.000105884736267811
"2020/07/20","RW",12626938,245,1,1212,4,1582,5,1391,1577,0.000125287698411127,1.94029621433161e-05,0.000110161307515726,0.000124891719591876
"2020/07/27","RW",12626938,239,0,1382,3,1821,5,1562,1802,0.000144215485971342,1.89277875602145e-05,0.000123703783134122,0.000142710766458186
"2020/08/03","RW",12626938,241,0,1480,3,2062,5,1778,1992,0.000163301665059257,1.90861790879151e-05,0.00014081006812578,0.000157757961589738
"2020/08/10","RW",12626938,78,2,1412,5,2140,7,1848,2036,0.000169478934639578,6.17726958032106e-06,0.000146353771595299,0.00016124257519915
"2020/08/17","RW",12626938,313,1,1553,6,2453,8,2126,2327,0.000194267208724712,2.47882740851345e-05,0.000168370193945674,0.000184288542479578
"2020/08/24","RW",12626938,636,4,1984,9,3089,12,2719,2942,0.000244635714533484,5.03685058087717e-05,0.000215333281908884,0.000232993937247494
"2020/08/31","RW",12626938,931,4,2683,12,4020,16,3581,3829,0.000318366970678085,7.37312561446013e-05,0.000283600030347817,0.000303240579782684
"2020/09/07","RW",12626938,354,3,2792,14,4374,19,3792,4115,0.000346402271081081,2.80353004029956e-05,0.000300310336520224,0.000325890568243861
"2020/09/14","RW",12626938,217,3,2770,17,4591,22,3863,4307,0.000363587751836589,1.71854807555086e-05,0.000305933235753593,0.000341096154903113
"2020/09/21","RW",12626938,120,4,2649,21,4711,26,3811,4419,0.000373091243498622,9.50349166203239e-06,0.000301815056033379,0.000349966080454343
"2020/09/28","RW",12626938,109,3,2680,22,4820,29,3715,4493,0.000381723581758301,8.63233825967942e-06,0.000294212262703753,0.000355826566979263
"2020/10/05","RW",12626938,46,0,2413,21,4866,29,3529,4496,0.000385366586895414,3.64300513711242e-06,0.000279481850627603,0.000356064154270814
"2020/10/12","RW",12626938,30,2,1807,19,4896,31,3314,4457,0.000387742459810922,2.3758729155081e-06,0.000262454761399795,0.000352975519480653
"2020/10/19","RW",12626938,78,3,954,18,4974,34,3153,4392,0.000393919729391243,6.17726958032106e-06,0.000249704243419901,0.000347827794830386
"2020/10/26","RW",12626938,92,0,692,15,5066,34,3004,4338,0.000401205739665468,7.28601027422484e-06,0.000237904074606211,0.000343551223582471
"2020/11/02","RW",12626938,80,1,555,13,5146,35,3006,4246,0.000407541400773489,6.3356611080216e-06,0.000238062466133911,0.000336265213308246
"2020/11/09","RW",12626938,76,1,511,10,5222,36,2769,4117,0.00041356027882611,6.01887805262052e-06,0.000219293070101397,0.000326048959771561
"2020/11/16","RW",12626938,233,9,635,16,5455,45,2366,4118,0.000432012891803223,1.84526129771129e-05,0.000187377177269739,0.000326128155535412
"2020/11/23","RW",12626938,210,2,799,18,5665,47,1645,4083,0.000448644002211779,1.66311104085567e-05,0.000130277031533694,0.000323356303800652
"2020/11/30","RW",12626938,254,1,1023,17,5919,48,1545,4098,0.000468759726229748,2.01157240179686e-05,0.000122357455148667,0.000324544240258406
"2020/12/07","RW",12626938,210,3,1155,17,6129,51,1538,4067,0.000485390836638305,1.66311104085567e-05,0.000121803084801715,0.000322089171579048
"2020/12/14","RW",12626938,530,5,1593,22,6659,56,1948,4519,0.000527364591478948,4.19737548406431e-05,0.000154273347980326,0.00035788565683937
