"date","countrycode2","population","cases","deaths","cases_prev_week","deaths_prev_week","cases_infected","cum_deaths","cases_contagious","cases_active","p_cases_infected","p_cases","p_cases_contagious","p_cases_active"
"2020/01/06","SG",5804343,0,0,0,0,0,0,0,0,0,0,0,0
"2020/01/13","SG",5804343,0,0,0,0,0,0,0,0,0,0,0,0
"2020/01/20","SG",5804343,0,0,0,0,0,0,0,0,0,0,0,0
"2020/01/27","SG",5804343,4,0,4,0,4,0,4,4,6.89139149771128e-07,6.89139149771128e-07,6.89139149771128e-07,6.89139149771128e-07
"2020/02/03","SG",5804343,14,0,18,0,18,0,18,18,3.10112617397008e-06,2.41198702419895e-06,3.10112617397008e-06,3.10112617397008e-06
"2020/02/10","SG",5804343,25,0,43,0,43,0,43,43,7.40824586003963e-06,4.30711968606955e-06,7.40824586003963e-06,7.40824586003963e-06
"2020/02/17","SG",5804343,32,0,75,0,75,0,75,75,1.29213590582087e-05,5.51311319816903e-06,1.29213590582087e-05,1.29213590582087e-05
"2020/02/24","SG",5804343,14,0,89,0,89,0,89,89,1.53333460824076e-05,2.41198702419895e-06,1.53333460824076e-05,1.53333460824076e-05
"2020/03/02","SG",5804343,17,0,106,0,106,0,106,106,1.82621874689349e-05,2.9288413865273e-06,1.82621874689349e-05,1.82621874689349e-05
"2020/03/09","SG",5804343,44,0,150,0,150,0,150,150,2.58427181164173e-05,7.58053064748241e-06,2.58427181164173e-05,2.58427181164173e-05
"2020/03/16","SG",5804343,76,0,222,0,226,0,226,226,3.89363619620687e-05,1.30936438456514e-05,3.89363619620687e-05,3.89363619620687e-05
"2020/03/23","SG",5804343,229,2,437,2,455,2,455,455,7.83895782864658e-05,3.94532163243971e-05,7.83895782864658e-05,7.83895782864658e-05
"2020/03/30","SG",5804343,389,1,801,3,844,3,844,844,0.000145408360601708,6.70187823152422e-05,0.000145408360601708,0.000145408360601708
"2020/04/06","SG",5804343,465,3,1234,6,1309,6,1309,1309,0.000225520786762602,8.01124261608937e-05,0.000225520786762602,0.000225520786762602
"2020/04/13","SG",5804343,1223,2,2443,8,2532,8,2532,2532,0.000436225081805124,0.000210704295042522,0.000436225081805124,0.000436225081805124
"2020/04/20","SG",5804343,4056,3,6482,11,6588,11,6584,6588,0.00113501217967305,0.000698787097867924,0.00113432304052328,0.00113501217967305
"2020/04/27","SG",5804343,7036,1,13474,12,13624,12,13606,13624,0.00234720794412046,0.00121219576444741,0.00234410681794649,0.00234720794412046
"2020/05/04","SG",5804343,4581,6,17979,18,18205,18,18162,18205,0.00313644455539585,0.000789236611275385,0.00312903630953581,0.00313644455539585
"2020/05/11","SG",5804343,5131,2,22881,18,23336,20,23261,23336,0.00402043779976476,0.000883993244368915,0.00400751644070655,0.00402043779976476
"2020/05/18","SG",5804343,4702,2,27194,19,28038,22,27949,28038,0.00483052087032072,0.000810083070555961,0.00481518752423832,0.00483052087032072
"2020/05/25","SG",5804343,3578,1,30307,17,31616,23,31510,31616,0.005446955839791,0.000616434969470274,0.00542869365232206,0.005446955839791
"2020/06/01","SG",5804343,3268,0,32352,15,34884,23,34734,34880,0.00600998252515401,0.000563026685363012,0.00598413980703759,0.00600929338600424
"2020/06/08","SG",5804343,3026,2,31322,14,37910,25,37684,37892,0.00653131629195587,0.000521333766801859,0.0064923799299938,0.0065282151657819
"2020/06/15","SG",5804343,2694,1,26980,14,40604,26,40149,40561,0.00699545150932672,0.000464135217370855,0.00691706193104026,0.00698804326346668
"2020/06/22","SG",5804343,1491,0,23890,8,42095,26,41251,42020,0.00725232812740391,0.000256876618077188,0.0071069197668022,0.0072394067683457
"2020/06/29","SG",5804343,1364,0,20123,6,43459,26,42150,43370,0.00748732457747587,0.000234996450071955,0.00726180379071326,0.00747199123139346
"2020/07/06","SG",5804343,1205,0,16626,4,44664,26,42132,44558,0.00769492774634442,0.000207603168868552,0.00725870266453929,0.00767666555887548
"2020/07/13","SG",5804343,1297,0,14345,3,45961,26,39373,45811,0.00791838111565771,0.000223453369313288,0.00678336893598466,0.00789253839754129
"2020/07/20","SG",5804343,1951,1,13028,4,47912,27,34288,47686,0.00825450873595857,0.000336127620300868,0.00590730079183811,0.00821557237399651
"2020/07/27","SG",5804343,2457,0,12459,2,50369,27,32164,49914,0.00867781245870549,0.000423303722746916,0.00554136790330964,0.00859942288041902
"2020/08/03","SG",5804343,2456,0,12221,1,52825,27,29489,51981,0.00910094389666496,0.000423131437959473,0.0050805060969002,0.00895553553606326
"2020/08/10","SG",5804343,2279,0,13009,1,55104,27,27066,53795,0.00949358092724706,0.0003926370305821,0.00466306005692634,0.00926806014048446
"2020/08/17","SG",5804343,643,0,12288,1,55747,27,24131,53215,0.00960436004557277,0.000110779118325709,0.00415740420578177,0.00916813496376765
"2020/08/24","SG",5804343,606,0,11689,1,56353,27,21469,49765,0.0097087646267631,0.000104404581190326,0.00369878210160909,0.00857375244709005
"2020/08/31","SG",5804343,418,0,10810,1,56771,27,18861,43147,0.00978077966791418,7.20150411510829e-05,0.00324946337595831,0.00743357172379372
"2020/09/07","SG",5804343,251,0,9110,0,57022,27,16418,38817,0.00982402314956232,4.32434816481383e-05,0.0028285716402356,0.00668757859416647
"2020/09/14","SG",5804343,384,0,7037,0,57406,27,15311,34070,0.00989018050794035,6.61573583780283e-05,0.00263785238053644,0.00586974270817558
"2020/09/21","SG",5804343,170,0,4751,0,57576,27,14117,29538,0.00991946892180562,2.9288413865273e-05,0.00243214434432975,0.0050889480514849
"2020/09/28","SG",5804343,124,0,2596,0,57700,27,13036,26084,0.00994083223544853,2.1363313642905e-05,0.00224590448910411,0.00449387639565753
"2020/10/05","SG",5804343,112,0,2065,0,57812,27,11851,22928,0.00996012813164212,1.92958961935916e-05,0.00204174701598441,0.00395014560648811
"2020/10/12","SG",5804343,64,0,1523,0,57876,27,9964,19966,0.00997115435803845,1.10262263963381e-05,0.00171664562207988,0.00343983806608259
"2020/10/19","SG",5804343,35,1,1140,1,57911,28,7542,17307,0.00997718432559895,6.02996756049737e-06,0.00129937186689346,0.00298173281627223
"2020/10/26","SG",5804343,59,0,948,1,57970,28,5145,15875,0.00998734912805808,1.01648024591241e-05,0.000886405231393114,0.00273502100065417
"2020/11/02","SG",5804343,49,0,613,1,58019,28,2915,14560,0.00999579108264277,8.44195458469632e-06,0.00050221015539571,0.00250846650516691
"2020/11/09","SG",5804343,37,0,480,1,58056,28,2309,13392,0.0100021656197782,6.37453713538294e-06,0.000397805574205384,0.00230723787343374
"2020/11/16","SG",5804343,63,0,419,1,58119,28,1766,12158,0.0100130195613871,1.08539416088953e-05,0.000304254934623953,0.00209463844572934
"2020/11/23","SG",5804343,41,0,348,1,58160,28,1389,10248,0.0100200832376722,7.06367628515407e-06,0.000239303569758024,0.00176557450171363
"2020/11/30","SG",5804343,53,1,337,2,58213,29,1191,7844,0.0100292143314067,9.13109373446745e-06,0.000205191181844353,0.00135140187270118
"2020/12/07","SG",5804343,47,0,349,1,58260,29,854,5435,0.0100373117164165,8.09738500981076e-06,0.000147131208476136,0.000936367819751521
"2020/12/14","SG",5804343,60,0,350,1,58320,29,744,3216,0.0100476488036631,1.03370872465669e-05,0.00012817988185743,0.000554067876415987
