"date","countrycode2","population","cases","deaths","cases_prev_week","deaths_prev_week","cases_infected","cum_deaths","cases_contagious","cases_active","p_cases_infected","p_cases","p_cases_contagious","p_cases_active"
"2020/01/06","SM",34453,0,0,0,0,0,0,0,0,0,0,0,0
"2020/01/13","SM",34453,0,0,0,0,0,0,0,0,0,0,0,0
"2020/01/20","SM",34453,0,0,0,0,0,0,0,0,0,0,0,0
"2020/01/27","SM",34453,0,0,0,0,0,0,0,0,0,0,0,0
"2020/02/03","SM",34453,0,0,0,0,0,0,0,0,0,0,0,0
"2020/02/10","SM",34453,0,0,0,0,0,0,0,0,0,0,0,0
"2020/02/17","SM",34453,0,0,0,0,0,0,0,0,0,0,0,0
"2020/02/24","SM",34453,0,0,0,0,0,0,0,0,0,0,0,0
"2020/03/02","SM",34453,8,1,8,1,8,1,8,8,0.000232200388935651,0.000232200388935651,0.000232200388935651,0.000232200388935651
"2020/03/09","SM",34453,29,0,37,1,37,1,37,37,0.00107392679882739,0.000841726409891737,0.00107392679882739,0.00107392679882739
"2020/03/16","SM",34453,61,6,98,7,98,7,98,98,0.00284445476446173,0.00177052796563434,0.00284445476446173,0.00284445476446173
"2020/03/23","SM",34453,53,13,151,20,151,20,151,151,0.00438278234116042,0.00153832757669869,0.00438278234116042,0.00438278234116042
"2020/03/30","SM",34453,78,4,229,24,229,24,229,229,0.00664673613328302,0.0022639537921226,0.00664673613328302,0.00664673613328302
"2020/04/06","SM",34453,37,8,266,32,266,32,266,266,0.00772066293211041,0.00107392679882739,0.00772066293211041,0.00772066293211041
"2020/04/13","SM",34453,90,3,356,35,356,35,356,356,0.0103329173076365,0.00261225437552608,0.0103329173076365,0.0103329173076365
"2020/04/20","SM",34453,105,4,453,38,461,39,461,461,0.0133805474124169,0.00304763010478043,0.0133805474124169,0.0133805474124169
"2020/04/27","SM",34453,77,2,501,40,538,41,538,538,0.0156154761559226,0.00223492874350565,0.0156154761559226,0.0156154761559226
"2020/05/04","SM",34453,44,0,484,34,582,41,582,582,0.0168925782950686,0.00127710213914608,0.0168925782950686,0.0168925782950686
"2020/05/11","SM",34453,46,0,477,21,628,41,628,628,0.0182277305314486,0.00133515223638,0.0182277305314486,0.0182277305314486
"2020/05/18","SM",34453,26,0,425,17,654,41,654,654,0.0189823817954895,0.000754651264040867,0.0189823817954895,0.0189823817954895
"2020/05/25","SM",34453,11,1,399,10,665,42,657,665,0.019301657330276,0.000319275534786521,0.0190694569413404,0.019301657330276
"2020/06/01","SM",34453,6,0,315,7,671,42,634,671,0.0194758076219778,0.000174150291701739,0.0184018808231504,0.0194758076219778
"2020/06/08","SM",34453,16,0,226,3,687,42,589,687,0.0199402083998491,0.000464400777871303,0.0170957536353873,0.0199402083998491
"2020/06/15","SM",34453,7,0,156,1,694,42,543,694,0.0201433837401678,0.000203175340318695,0.0157606013990073,0.0201433837401678
"2020/06/22","SM",34453,2,0,114,1,696,42,467,696,0.0202014338374017,5.80500972339129e-05,0.0135546977041187,0.0202014338374017
"2020/06/29","SM",34453,2,0,70,1,698,42,432,698,0.0202594839346356,5.80500972339129e-05,0.0125388210025252,0.0202594839346356
"2020/07/06","SM",34453,0,0,44,1,698,42,342,690,0.0202594839346356,0,0.0099265666269991,0.0200272835456999
"2020/07/13","SM",34453,1,0,34,0,699,42,238,662,0.0202885089832525,2.90250486169564e-05,0.00690796157083563,0.0192145821844252
"2020/07/20","SM",34453,0,0,28,0,699,42,161,601,0.0202885089832525,0,0.00467303282732999,0.0174440542187908
"2020/07/27","SM",34453,0,0,12,0,699,42,117,548,0.0202885089832525,0,0.0033959306881839,0.0159057266420921
"2020/08/03","SM",34453,0,0,5,0,699,42,71,470,0.0202885089832525,0,0.00206077845180391,0.0136417728499695
"2020/08/10","SM",34453,11,0,14,0,710,42,56,444,0.0206077845180391,0.000319275534786521,0.00162540272254956,0.0128871215859287
"2020/08/17","SM",34453,0,0,12,0,710,42,45,354,0.0206077845180391,0,0.00130612718776304,0.0102748672104026
"2020/08/24","SM",34453,0,0,12,0,710,42,39,249,0.0206077845180391,0,0.0011319768960613,0.00722723710562215
"2020/08/31","SM",34453,0,0,11,0,710,42,23,172,0.0206077845180391,0,0.000667576118189998,0.00499230836211651
"2020/09/07","SM",34453,6,0,17,0,716,42,22,134,0.0207819348097408,0.000174150291701739,0.000638551069573042,0.00388935651467216
"2020/09/14","SM",34453,6,0,23,0,722,42,26,94,0.0209560851014425,0.000174150291701739,0.000754651264040867,0.0027283545699939
"2020/09/21","SM",34453,1,0,24,0,723,42,25,69,0.0209851101500595,2.90250486169564e-05,0.000725626215423911,0.00200272835456999
"2020/09/28","SM",34453,4,0,17,0,727,42,29,62,0.0211012103445273,0.000116100194467826,0.000841726409891737,0.0017995530142513
"2020/10/05","SM",34453,5,0,22,0,732,42,33,61,0.0212463355876121,0.000145125243084782,0.000957826604359562,0.00177052796563434
"2020/10/12","SM",34453,20,0,42,0,752,42,53,65,0.0218268365599512,0.000580500972339129,0.00153832757669869,0.00188662816010217
"2020/10/19","SM",34453,7,0,49,0,759,42,60,65,0.0220300119002699,0.000203175340318695,0.00174150291701739,0.00188662816010217
"2020/10/26","SM",34453,60,0,103,0,819,42,120,123,0.0237715148172873,0.00174150291701739,0.00348300583403477,0.00357008097988564
"2020/11/02","SM",34453,109,0,206,0,928,42,218,230,0.0269352451165356,0.00316373029924825,0.0063274605984965,0.00667576118189998
"2020/11/09","SM",34453,115,0,320,0,1043,42,333,345,0.0302731257074856,0.00333788059094999,0.00966534118944649,0.01001364177285
"2020/11/16","SM",34453,210,0,526,0,1253,42,543,554,0.0363683859170464,0.00609526020956085,0.0157606013990073,0.0160798769337939
"2020/11/23","SM",34453,142,1,663,1,1395,43,685,696,0.0404899428206542,0.00412155690360781,0.0198821583026152,0.0202014338374017
"2020/11/30","SM",34453,191,2,834,3,1586,45,870,887,0.0460337271064929,0.00554378428583868,0.0252517922967521,0.0257452181232404
"2020/12/07","SM",34453,203,3,1030,6,1789,48,1067,1090,0.0519258119757351,0.00589208486924216,0.0309697268742925,0.0316373029924825
"2020/12/14","SM",34453,158,3,1128,9,1947,51,1224,1237,0.0565117696572142,0.00458595768147912,0.0355266595071547,0.0359039851391751
"2020/12/21","SM",34453,160,4,1179,13,2107,55,1380,1397,0.0611557774359272,0.00464400777871303,0.0400545670913999,0.0405479929178881
"2020/12/28","SM",34453,168,2,1232,15,2275,57,1543,1565,0.0660319856035759,0.00487620816764868,0.0447856500159638,0.0454242010855368
"2021/01/04","SM",34453,218,5,1240,20,2493,62,1741,1783,0.0723594462020724,0.0063274605984965,0.0505326096421211,0.0517516616840333
"2021/01/11","SM",34453,174,2,1272,21,2667,64,1908,1951,0.0774098046614228,0.00505035845935042,0.0553797927611529,0.056627869851682
