"date","countrycode2","population","cases","deaths","cases_prev_week","deaths_prev_week","cases_infected","cum_deaths","cases_contagious","cases_active","p_cases_infected","p_cases","p_cases_contagious","p_cases_active"
"2020/03/23","SO",15442906,1,0,1,0,1,0,1,1,6.47546517475403e-08,6.47546517475403e-08,6.47546517475403e-08,6.47546517475403e-08
"2020/03/30","SO",15442906,2,0,3,0,3,0,3,3,1.94263955242621e-07,1.29509303495081e-07,1.94263955242621e-07,1.94263955242621e-07
"2020/04/06","SO",15442906,4,0,7,0,7,0,7,7,4.53282562232782e-07,2.59018606990161e-07,4.53282562232782e-07,4.53282562232782e-07
"2020/04/13","SO",15442906,18,2,25,2,25,2,25,25,1.61886629368851e-06,1.16558373145572e-06,1.61886629368851e-06,1.61886629368851e-06
"2020/04/20","SO",15442906,139,5,164,7,164,7,164,164,1.06197628865966e-05,9.0008965929081e-06,1.06197628865966e-05,1.06197628865966e-05
"2020/04/27","SO",15442906,272,16,436,23,436,23,436,436,2.82330281619276e-05,1.7613265275331e-05,2.82330281619276e-05,2.82330281619276e-05
"2020/05/04","SO",15442906,286,9,722,32,722,32,722,722,4.67528585617241e-05,1.85198303997965e-05,4.67528585617241e-05,4.67528585617241e-05
"2020/05/11","SO",15442906,332,19,1053,51,1054,51,1054,1054,6.82514029419074e-05,2.14985443801834e-05,6.82514029419074e-05,6.82514029419074e-05
"2020/05/18","SO",15442906,367,5,1418,56,1421,56,1421,1421,9.20163601332547e-05,2.37649571913473e-05,9.20163601332547e-05,9.20163601332547e-05
"2020/05/25","SO",15442906,173,5,1587,61,1594,61,1594,1594,0.000103218914885579,1.12025547523245e-05,0.000103218914885579,0.000103218914885579
"2020/06/01","SO",15442906,382,17,1951,76,1976,78,1976,1976,0.00012795519185314,2.47362769675604e-05,0.00012795519185314,0.00012795519185314
"2020/06/08","SO",15442906,358,5,2170,76,2334,83,2334,2334,0.000151137357178759,2.31821653256194e-05,0.000151137357178759,0.000151137357178759
"2020/06/15","SO",15442906,269,5,2167,65,2603,88,2602,2603,0.000168556358498847,1.74190013200883e-05,0.0001684916038471,0.000168556358498847
"2020/06/22","SO",15442906,176,2,2057,58,2779,90,2776,2779,0.000179953177206414,1.13968187075671e-05,0.000179758913251172,0.000179953177206414
"2020/06/29","SO",15442906,115,0,1840,39,2894,90,2887,2894,0.000187399962157382,7.44678495096713e-06,0.000186946679595149,0.000187399962157382
"2020/07/06","SO",15442906,103,2,1576,36,2997,92,2972,2997,0.000194069691287378,6.66972912999665e-06,0.00019245082499369,0.000194069691287378
"2020/07/13","SO",15442906,62,1,1465,32,3059,93,2895,3059,0.000198084479695726,4.0147884083475e-06,0.000187464716809129,0.000198084479695726
"2020/07/20","SO",15442906,60,0,1143,15,3119,93,2683,3119,0.000201969758800578,3.88527910485242e-06,0.000173736730638651,0.000201969758800578
"2020/07/27","SO",15442906,59,0,844,10,3178,93,2456,3177,0.000205790283253683,3.82052445310488e-06,0.000159037424691959,0.000205725528601935
"2020/08/03","SO",15442906,34,0,609,5,3212,93,2158,3209,0.000207991941413099,2.20165815941637e-06,0.000139740538471192,0.000207797677457857
"2020/08/10","SO",15442906,15,0,448,3,3227,93,1806,3220,0.000208963261189312,9.71319776213104e-07,0.000116946901056058,0.00020850997862708
"2020/08/17","SO",15442906,29,0,362,3,3256,93,1662,3231,0.000210841146089991,1.87788490067867e-06,0.000107622231204412,0.000209222279796303
"2020/08/24","SO",15442906,13,0,272,1,3269,93,1293,3105,0.000211682956562709,8.41810472718023e-07,8.37277647095696e-05,0.000201063193676113
"2020/08/31","SO",15442906,41,4,251,4,3310,97,976,2874,0.000214337897284358,2.65494072164915e-06,6.32005401055993e-05,0.000186104869122431
"2020/09/07","SO",15442906,52,0,243,4,3362,97,759,2640,0.00021770513917523,3.36724189087209e-06,4.91487806763831e-05,0.000170952280613506
"2020/09/14","SO",15442906,27,1,211,5,3389,98,610,2335,0.000219453514772414,1.74837559718359e-06,3.95003375659996e-05,0.000151202111830507
"2020/09/21","SO",15442906,53,0,230,5,3442,98,548,2021,0.000222885511315034,3.43199654261963e-06,3.54855491576521e-05,0.000130869151181779
"2020/09/28","SO",15442906,146,1,361,6,3588,99,591,1994,0.000232339690470174,9.45417915514088e-06,3.82699991827963e-05,0.000129120775584595
"2020/10/05","SO",15442906,157,0,489,6,3745,99,686,1769,0.000242506170794538,1.01664803243638e-05,4.44216910988126e-05,0.000114550978941399
"2020/10/12","SO",15442906,119,0,595,6,3864,99,745,1530,0.000250211974352496,7.70580355795729e-06,4.82422155519175e-05,9.90746171737366e-05
"2020/10/19","SO",15442906,0,0,554,2,3864,99,686,1261,0.000250211974352496,0,4.44216910988126e-05,8.16556158536483e-05
"2020/10/26","SO",15442906,77,5,579,7,3941,104,729,1162,0.000255198082537056,4.9861081845606e-06,4.72061411239568e-05,7.52449053306418e-05
"2020/11/02","SO",15442906,0,0,552,6,3941,104,714,1047,0.000255198082537056,0,4.62348213477437e-05,6.77981203796747e-05
"2020/11/09","SO",15442906,288,3,787,9,4229,107,973,1232,0.000273847422240348,1.86493397032916e-05,6.30062761503567e-05,7.97777309529696e-05
"2020/11/16","SO",15442906,72,0,713,8,4301,107,1032,1242,0.000278509757166171,4.6623349258229e-06,6.68268006034616e-05,8.0425277470445e-05
"2020/11/23","SO",15442906,144,6,700,14,4445,113,1135,1326,0.000287834427017816,9.3246698516458e-06,7.34965297334582e-05,8.58646682172384e-05
"2020/11/30","SO",15442906,0,0,581,14,4445,113,1083,1267,0.000287834427017816,0,7.01292878425861e-05,8.20441437641335e-05
"2020/12/07","SO",15442906,80,8,661,22,4525,121,1136,1313,0.00029301479915762,5.18037213980322e-06,7.35612843852057e-05,8.50228577445204e-05
"2020/12/14","SO",15442906,54,0,638,17,4579,121,1137,1352,0.000296511550351987,3.49675119436717e-06,7.36260390369533e-05,8.75482891626744e-05
"2020/12/21","SO",15442906,83,3,721,20,4662,124,1074,1406,0.000301886186447033,5.37463609504584e-06,6.95464959768582e-05,9.10450403570416e-05
"2020/12/28","SO",15442906,28,3,461,20,4690,127,945,1421,0.000303699316695964,1.81313024893113e-06,6.11931459014256e-05,9.20163601332547e-05
"2021/01/04","SO",15442906,24,3,413,23,4714,130,850,1404,0.000305253428337905,1.55411164194097e-06,5.50414539854092e-05,9.09155310535465e-05
"2021/01/11","SO",15442906,12,0,281,17,4726,130,862,1364,0.000306030484158875,7.77055820970483e-07,5.58185098063797e-05,8.83253449836449e-05
"2021/01/18","SO",15442906,18,0,299,17,4744,130,803,1355,0.000307196067890331,1.16558373145572e-06,5.19979853532748e-05,8.77425531179171e-05
