"date","countrycode2","population","cases","deaths","cases_prev_week","deaths_prev_week","cases_infected","cum_deaths","cases_contagious","cases_active","p_cases_infected","p_cases","p_cases_contagious","p_cases_active"
"2020/03/23","UG",44269587,1,0,1,0,1,0,1,1,2.25888712266505e-08,2.25888712266505e-08,2.25888712266505e-08,2.25888712266505e-08
"2020/03/30","UG",44269587,32,0,33,0,33,0,33,33,7.45432750479466e-07,7.22843879252815e-07,7.45432750479466e-07,7.45432750479466e-07
"2020/04/06","UG",44269587,19,0,52,0,52,0,52,52,1.17462130378582e-06,4.29188553306359e-07,1.17462130378582e-06,1.17462130378582e-06
"2020/04/13","UG",44269587,2,0,54,0,54,0,54,54,1.21979904623913e-06,4.5177742453301e-08,1.21979904623913e-06,1.21979904623913e-06
"2020/04/20","UG",44269587,1,0,55,0,55,0,55,55,1.24238791746578e-06,2.25888712266505e-08,1.24238791746578e-06,1.24238791746578e-06
"2020/04/27","UG",44269587,24,0,79,0,79,0,79,79,1.78452082690539e-06,5.42132909439611e-07,1.78452082690539e-06,1.78452082690539e-06
"2020/05/04","UG",44269587,10,0,89,0,89,0,89,89,2.01040953917189e-06,2.25888712266505e-07,2.01040953917189e-06,2.01040953917189e-06
"2020/05/11","UG",44269587,32,0,120,0,121,0,121,121,2.73325341842471e-06,7.22843879252815e-07,2.73325341842471e-06,2.73325341842471e-06
"2020/05/18","UG",44269587,106,0,194,0,227,0,227,227,5.12767376844966e-06,2.39442035002495e-06,5.12767376844966e-06,5.12767376844966e-06
"2020/05/25","UG",44269587,-15,0,160,0,212,0,212,212,4.7888407000499e-06,3.38833068399757e-07,4.7888407000499e-06,4.7888407000499e-06
"2020/06/01","UG",44269587,246,0,404,0,458,0,458,458,1.03457030218059e-05,5.55686232175602e-06,1.03457030218059e-05,1.03457030218059e-05
"2020/06/08","UG",44269587,158,0,561,0,616,0,616,616,1.39147446756167e-05,3.56904165381078e-06,1.39147446756167e-05,1.39147446756167e-05
"2020/06/15","UG",44269587,80,0,617,0,696,0,695,696,1.57218543737487e-05,1.80710969813204e-06,1.56992655025221e-05,1.57218543737487e-05
"2020/06/22","UG",44269587,74,0,681,0,770,0,737,770,1.73934308445209e-05,1.67157647077214e-06,1.66479980940414e-05,1.73934308445209e-05
"2020/06/29","UG",44269587,89,0,738,0,859,0,807,859,1.94038403836928e-05,2.01040953917189e-06,1.82292190799069e-05,1.94038403836928e-05
"2020/07/06","UG",44269587,80,0,712,0,939,0,885,939,2.12109500818248e-05,1.80710969813204e-06,1.99911510355857e-05,2.12109500818248e-05
"2020/07/13","UG",44269587,86,0,813,0,1025,0,970,1025,2.31535930073167e-05,1.94264292549194e-06,2.1911205089851e-05,2.31535930073167e-05
"2020/07/20","UG",44269587,40,0,607,0,1065,0,986,1065,2.40571478563828e-05,9.03554849066019e-07,2.22726270294774e-05,2.40571478563828e-05
"2020/07/27","UG",44269587,50,2,499,2,1115,2,1026,1114,2.51865914177153e-05,1.12944356133252e-06,2.31761818785434e-05,2.51640025464886e-05
"2020/08/03","UG",44269587,67,2,486,4,1182,4,1061,1149,2.67000457899009e-05,1.51345437218558e-06,2.39667923714762e-05,2.59546130394214e-05
"2020/08/10","UG",44269587,101,3,513,7,1283,7,1056,1231,2.89815217837926e-05,2.2814759938917e-06,2.38538480153429e-05,2.78069004800067e-05
"2020/08/17","UG",44269587,217,6,641,13,1500,13,1288,1446,3.38833068399757e-05,4.90178505618315e-06,2.90944661399258e-05,3.26635077937366e-05
"2020/08/24","UG",44269587,763,6,1324,19,2263,19,1805,2208,5.111861558591e-05,1.72353087459343e-05,4.07729125641041e-05,4.98762276684443e-05
"2020/08/31","UG",44269587,665,11,1903,30,2928,30,2312,2849,6.61402149516326e-05,1.50215993657226e-05,5.22254702760159e-05,6.43556941247272e-05
"2020/09/07","UG",44269587,739,11,2602,41,3667,41,2971,3578,8.28333907881273e-05,1.66931758364947e-05,6.71115364143786e-05,8.08229812489554e-05
"2020/09/14","UG",44269587,1132,14,3684,53,4799,55,4029,4678,0.000108403993016696,2.55706022285683e-05,9.10105621721748e-05,0.000105670739598271
"2020/09/21","UG",44269587,1488,8,5105,59,6287,63,5428,6060,0.000142016233401952,3.36122403852559e-05,0.000122612393018259,0.000136888559633502
"2020/09/28","UG",44269587,1243,10,6247,66,7530,73,6591,7318,0.000170094200336678,2.80779669347265e-05,0.000148883250254853,0.000165305359636628
"2020/10/05","UG",44269587,1278,8,7308,68,8808,81,7783,8350,0.000198962777764337,2.88685774276593e-05,0.000175809184757021,0.000188617074742531
"2020/10/12","UG",44269587,993,12,7538,74,9801,93,8736,9185,0.000221393526892401,2.24307491280639e-05,0.000197336379036019,0.000207478782216785
"2020/10/19","UG",44269587,789,4,7662,67,10590,97,9475,9894,0.000239216146290229,1.78226193978272e-05,0.000214029554872513,0.00022349429191648
"2020/10/26","UG",44269587,853,4,7776,60,11443,101,10261,10673,0.000258484453446561,1.92683071563329e-05,0.000231784407656661,0.000241091022602041
"2020/11/02","UG",44269587,1300,11,7944,57,12743,112,11460,11884,0.000287849986041207,2.93655325946456e-05,0.000258868464257414,0.000268446145657514
"2020/11/09","UG",44269587,1660,20,8116,69,14403,132,12903,13464,0.000325347512277447,3.74975262362398e-05,0.000291464205437471,0.000304136562195622
"2020/11/16","UG",44269587,1617,13,8490,72,16020,145,13757,14995,0.000361873717050941,3.65262047734938e-05,0.000310755101465031,0.000338720124043624
"2020/11/23","UG",44269587,1948,27,9160,91,17968,172,15040,16903,0.000405876838200456,4.40031211495151e-05,0.000339736623248823,0.000381819690344073
"2020/11/30","UG",44269587,2177,29,10344,108,20145,201,16478,19030,0.000455052810860874,4.91759726604181e-05,0.000372219420072747,0.000429866219443159
"2020/12/07","UG",44269587,2354,5,11909,109,22499,206,17700,21317,0.000508227013728409,5.31742028675352e-05,0.000399823020711713,0.000481526967938508
"2020/12/14","UG",44269587,5033,15,16089,120,27532,221,21245,26249,0.000621916802612141,0.000113689788883732,0.000479900569210189,0.000592935280828348
