"date","countrycode2","population","cases","deaths","cases_prev_week","deaths_prev_week","cases_infected","cum_deaths","cases_contagious","cases_active","p_cases_infected","p_cases","p_cases_contagious","p_cases_active"
"2020/03/16","UZ",32981715,6,0,6,0,6,0,6,6,1.81918981472007e-07,1.81918981472007e-07,1.81918981472007e-07,1.81918981472007e-07
"2020/03/23","UZ",32981715,40,0,46,0,46,0,46,46,1.39471219128538e-06,1.21279320981338e-06,1.39471219128538e-06,1.39471219128538e-06
"2020/03/30","UZ",32981715,99,1,145,1,145,1,145,145,4.39637538557349e-06,3.00166319428811e-06,4.39637538557349e-06,4.39637538557349e-06
"2020/04/06","UZ",32981715,197,1,342,2,342,2,342,342,1.03693819439044e-05,5.97300655833088e-06,1.03693819439044e-05,1.03693819439044e-05
"2020/04/13","UZ",32981715,523,2,865,4,865,4,865,865,2.62266531622143e-05,1.58572712183099e-05,2.62266531622143e-05,2.62266531622143e-05
"2020/04/20","UZ",32981715,700,1,1565,5,1565,5,1565,1565,4.74505343339484e-05,2.12238811717341e-05,4.74505343339484e-05,4.74505343339484e-05
"2020/04/27","UZ",32981715,322,3,1887,8,1887,8,1887,1887,5.72135196729461e-05,9.76298533899768e-06,5.72135196729461e-05,5.72135196729461e-05
"2020/05/04","UZ",32981715,262,2,2143,10,2149,10,2149,2149,6.51573151972237e-05,7.94379552427762e-06,6.51573151972237e-05,6.51573151972237e-05
"2020/05/11","UZ",32981715,269,0,2372,10,2418,10,2418,2418,7.33133495332186e-05,8.15603433599496e-06,7.33133495332186e-05,7.33133495332186e-05
"2020/05/18","UZ",32981715,335,2,2608,11,2753,12,2753,2753,8.34704926654057e-05,1.0157143132187e-05,8.34704926654057e-05,8.34704926654057e-05
"2020/05/25","UZ",32981715,411,1,2822,11,3164,13,3164,3164,9.59319428962381e-05,1.24614502308324e-05,9.59319428962381e-05,9.59319428962381e-05
"2020/06/01","UZ",32981715,498,2,2797,11,3662,15,3662,3662,0.000111031218358415,1.50992754621765e-05,0.000111031218358415,0.000111031218358415
"2020/06/08","UZ",32981715,690,2,2787,12,4352,17,4346,4352,0.000131951901227695,2.09206828692808e-05,0.000131769982246223,0.000131951901227695
"2020/06/15","UZ",32981715,751,2,3216,11,5103,19,5057,5103,0.000154722093741942,2.27701925142462e-05,0.000153327381550656,0.000154722093741942
"2020/06/22","UZ",32981715,1255,0,4209,9,6358,19,6213,6358,0.000192773480699836,3.80513869578947e-05,0.000188377105314263,0.000192773480699836
"2020/06/29","UZ",32981715,1673,3,5613,12,8031,22,7689,8031,0.000243498556700281,5.07250760004445e-05,0.000233129174756376,0.000243498556700281
"2020/07/06","UZ",32981715,2112,13,7390,23,10143,35,9278,10143,0.000307534038178427,6.40354814781463e-05,0.000281307385016213,0.000307534038178427
"2020/07/13","UZ",32981715,3050,26,10029,48,13193,61,11628,13193,0.000400009520426697,9.247548224827e-05,0.000352558986092749,0.000400009520426697
"2020/07/20","UZ",32981715,3773,27,13304,73,16966,88,15079,16960,0.000514406239942344,0.000114396719515647,0.000457192720269398,0.000514224320960872
"2020/07/27","UZ",32981715,3854,29,16468,100,20820,117,18671,20774,0.000631258865707863,0.000116852625765519,0.000566101550510639,0.000629864153516577
"2020/08/03","UZ",32981715,5008,38,20725,136,25828,155,23410,25683,0.000783100575576497,0.000151841709868635,0.000709787226043279,0.000778704200190924
"2020/08/10","UZ",32981715,4992,41,24462,177,30820,196,28067,30478,0.000934457168161207,0.000151356592584709,0.000850986675495801,0.000924087786217303
"2020/08/17","UZ",32981715,4124,32,26913,206,34944,228,31780,34079,0.00105949614809297,0.000125038979931759,0.000963564205196728,0.00103326949493075
"2020/08/24","UZ",32981715,4002,45,28803,238,38946,273,35284,37381,0.00118083610873479,0.000121339960641828,0.00106980489037638,0.00113338557440085
"2020/08/31","UZ",32981715,2705,44,28458,256,41651,317,37299,39764,0.00126285124954842,8.20151408136296e-05,0.00113089934832073,0.00120563772987548
"2020/09/07","UZ",32981715,2124,33,26809,262,43775,350,38672,41626,0.00132725056898951,6.43993194410903e-05,0.00117252847524757,0.00126209325379229
"2020/09/14","UZ",32981715,3845,44,26800,277,47620,394,41262,45202,0.00144383031628283,0.000116579747293311,0.00125105683558299,0.00137051696674961
"2020/09/21","UZ",32981715,4169,41,25961,280,51789,435,43758,49036,0.00157023368857562,0.000126403372292799,0.00132673513187534,0.00148676319591022
"2020/09/28","UZ",32981715,3804,25,24773,264,55593,460,45450,52429,0.00168557032282888,0.000115336634253252,0.00137803628465045,0.00158963837993264
"2020/10/05","UZ",32981715,3266,23,23915,255,58859,483,45666,55197,0.00178459488841014,9.90245655812622e-05,0.00138458536798344,0.00167356367005172
"2020/10/12","UZ",32981715,2239,22,22152,232,61098,505,44132,56746,0.00185248098832944,6.78860999193038e-05,0.0013380747483871,0.00172052908710175
"2020/10/19","UZ",32981715,2332,24,21779,212,63430,529,42610,58327,0.00192318683246156,7.07058441321199e-05,0.0012919279667537,0.00176846473871962
"2020/10/26","UZ",32981715,2050,21,21705,200,65480,550,39652,59122,0.0019853424844645,6.21556520029356e-05,0.001202241908888,0.00179256900376466
"2020/11/02","UZ",32981715,1676,20,19536,176,67156,570,36336,59125,0.00203615851995568,5.08160354911805e-05,0.00110170135179447,0.0017926599632554
"2020/11/09","UZ",32981715,1632,15,16999,150,68788,585,33844,58645,0.00208564048291606,4.94819629603858e-05,0.0010261443348231,0.00177810644473764
"2020/11/16","UZ",32981715,1455,13,14650,138,70243,598,31297,57050,0.00212975583592303,4.41153530069616e-05,0.000948919727188231,0.00172974631549633
"2020/11/23","UZ",32981715,1374,5,12758,120,71617,603,29966,54651,0.00217141528268012,4.16594467570895e-05,0.000908564033131691,0.00165700904273777
"2020/11/30","UZ",32981715,1253,5,11772,103,72870,608,29095,52050,0.00220940602997752,3.7990747297404e-05,0.000882155460988005,0.00157814716426966
"2020/12/07","UZ",32981715,1183,3,10623,82,74053,611,26433,48225,0.00224527438915775,3.58683591802306e-05,0.000801444072874925,0.00146217381358125
"2020/12/14","UZ",32981715,1041,1,9614,62,75094,612,23305,44274,0.00227683733244314,3.15629432853931e-05,0.000706603643867519,0.00134238016428194
