"date","countrycode2","population","cases","deaths","cases_prev_week","deaths_prev_week","cases_infected","cum_deaths","cases_contagious","cases_active","p_cases_infected","p_cases","p_cases_contagious","p_cases_active"
"2020/03/23","ZM",17861034,3,0,3,0,3,0,3,3,1.67963400103264e-07,1.67963400103264e-07,1.67963400103264e-07,1.67963400103264e-07
"2020/03/30","ZM",17861034,26,0,29,0,29,0,29,29,1.62364620099822e-06,1.45568280089495e-06,1.62364620099822e-06,1.62364620099822e-06
"2020/04/06","ZM",17861034,10,1,39,1,39,1,39,39,2.18352420134243e-06,5.59878000344213e-07,2.18352420134243e-06,2.18352420134243e-06
"2020/04/13","ZM",17861034,4,1,43,2,43,2,43,43,2.40747540148012e-06,2.23951200137685e-07,2.40747540148012e-06,2.40747540148012e-06
"2020/04/20","ZM",17861034,18,1,61,3,61,3,61,61,3.4152558020997e-06,1.00778040061958e-06,3.4152558020997e-06,3.4152558020997e-06
"2020/04/27","ZM",17861034,27,0,88,3,88,3,88,88,4.92692640302907e-06,1.51167060092938e-06,4.92692640302907e-06,4.92692640302907e-06
"2020/05/04","ZM",17861034,36,0,124,3,124,3,124,124,6.94248720426824e-06,2.01556080123917e-06,6.94248720426824e-06,6.94248720426824e-06
"2020/05/11","ZM",17861034,143,4,264,7,267,7,267,267,1.49487426091905e-05,8.00625540492225e-06,1.49487426091905e-05,1.49487426091905e-05
"2020/05/18","ZM",17861034,486,0,724,7,753,7,753,753,4.21588134259192e-05,2.72100708167288e-05,4.21588134259192e-05,4.21588134259192e-05
"2020/05/25","ZM",17861034,167,0,881,6,920,7,920,920,5.15087760316676e-05,9.34996260574836e-06,5.15087760316676e-05,5.15087760316676e-05
"2020/06/01","ZM",17861034,137,0,1014,5,1057,7,1057,1057,5.91791046363833e-05,7.67032860471572e-06,5.91791046363833e-05,5.91791046363833e-05
"2020/06/08","ZM",17861034,97,0,1093,4,1154,7,1154,1154,6.46099212397222e-05,5.43081660333887e-06,6.46099212397222e-05,6.46099212397222e-05
"2020/06/15","ZM",17861034,204,4,1270,8,1358,11,1355,1358,7.60314324467441e-05,1.14215112070219e-05,7.58634690466409e-05,7.60314324467441e-05
"2020/06/22","ZM",17861034,72,0,1306,8,1430,11,1401,1430,8.00625540492225e-05,4.03112160247833e-06,7.84389078482242e-05,8.00625540492225e-05
"2020/06/29","ZM",17861034,127,11,1290,15,1557,22,1518,1557,8.7173004653594e-05,7.11045060437151e-06,8.49894804522515e-05,8.7173004653594e-05
"2020/07/06","ZM",17861034,75,8,879,23,1632,30,1589,1632,9.13720896561756e-05,4.1990850025816e-06,8.89646142546954e-05,9.13720896561756e-05
"2020/07/13","ZM",17861034,263,12,975,35,1895,42,1834,1895,0.000106096881065228,1.47247914090528e-05,0.000102681625263129,0.000106096881065228
"2020/07/20","ZM",17861034,1085,67,1923,102,2980,109,2892,2980,0.000166843644102575,6.07467630373471e-05,0.000161916717699546,0.000166843644102575
"2020/07/27","ZM",17861034,1501,30,3327,132,4481,139,4357,4478,0.000250881331954242,8.40376878516664e-05,0.000243938844749974,0.000250713368554139
"2020/08/03","ZM",17861034,1866,31,4989,159,6347,170,6080,6318,0.000355354566818472,0.00010447323486423,0.000340405824209282,0.000353730920617474
"2020/08/10","ZM",17861034,1738,65,6655,224,8085,235,7332,8046,0.000452661363278296,9.73067964598242e-05,0.000410502549852377,0.000450477839076954
"2020/08/17","ZM",17861034,1258,25,7786,238,9343,260,8423,9300,0.000523094015721598,7.0432652443302e-05,0.000471585239689931,0.000520686540320118
"2020/08/24","ZM",17861034,1739,20,9450,250,11082,280,10025,11021,0.000620456799981457,9.73627842598586e-05,0.000561277695345074,0.000617041544179357
"2020/08/31","ZM",17861034,943,7,10130,245,12025,287,10871,11937,0.000673253295413916,5.27964954324593e-05,0.000608643374174194,0.000668326369010887
"2020/09/07","ZM",17861034,751,8,9796,186,12776,295,11418,12652,0.000715300133239767,4.20468378258504e-05,0.000639268700793022,0.000708357646035498
"2020/09/14","ZM",17861034,763,17,9058,173,13539,312,12109,13272,0.00075801882466603,4.27186914262635e-05,0.000677956270616808,0.000743070082056839
"2020/09/21","ZM",17861034,592,18,7784,160,14131,330,12574,13378,0.000791163602286407,3.31447776203774e-05,0.000703990597632813,0.000749004788860488
"2020/09/28","ZM",17861034,510,2,6556,97,14641,332,13009,13721,0.000819717380303962,2.85537780175549e-05,0.000728345290647787,0.000768208604272295
"2020/10/05","ZM",17861034,411,1,5709,73,15052,333,13157,13995,0.000842728366118109,2.30109858141472e-05,0.000736631485052881,0.000783549261481726
"2020/10/12","ZM",17861034,406,3,4376,56,15458,336,12478,14304,0.000865459412932084,2.2731046813975e-05,0.000698615768829509,0.000800849491692362
"2020/10/19","ZM",17861034,395,10,3828,59,15853,346,11372,14495,0.000887574593945681,2.21151810135964e-05,0.000636693261991439,0.000811543161498937
"2020/10/26","ZM",17861034,264,2,3341,53,16117,348,9770,14687,0.000902355373154768,1.47807792090872e-05,0.000547000806336296,0.000822292819105546
"2020/11/02","ZM",17861034,363,1,2941,37,16480,349,8395,14923,0.000922678944567263,2.03235714124949e-05,0.000470017581288967,0.000835505939913669
"2020/11/09","ZM",17861034,474,0,2823,19,16954,349,7611,15322,0.000949217161783579,2.65382172163157e-05,0.000426123146061981,0.000857845072127403
"2020/11/16","ZM",17861034,169,4,2482,21,17123,353,6041,15228,0.000958679099989396,9.4619382058172e-06,0.000338222300007939,0.000852582218924168
"2020/11/23","ZM",17861034,301,4,2372,24,17424,357,5399,14444,0.000975531427799757,1.68523278103608e-05,0.000302278132385841,0.000808687783697181
"2020/11/30","ZM",17861034,184,0,2150,21,17608,357,4832,13127,0.00098583318300609,1.03017552063335e-05,0.000270533049766324,0.000734951851051848
"2020/12/07","ZM",17861034,308,7,2063,18,17916,364,4377,11569,0.00100307742541669,1.72442424106018e-05,0.000245058600750662,0.00064772285859822
"2020/12/14","ZM",17861034,358,3,2157,19,18274,367,4143,10189,0.00102312105782901,2.00436324123228e-05,0.000231957455542607,0.000570459694550719
