"date","countrycode","population","cases","deaths","cum_cases","cum_deaths","cases_infected","cases_daily","cases_contagious","cases_active","p_cum_cases","p_cum_deaths","p_cases_infected","p_cases_daily","p_cases_contagious","p_cases_active"
"2019/12/19","AT",8858775,0,0,0,0,0,0,0,0,0,0,0,0,0,0
"2019/12/20","AT",8858775,0,0,0,0,0,0,0,0,0,0,0,0,0,0
"2019/12/21","AT",8858775,0,0,0,0,0,0,0,0,0,0,0,0,0,0
"2019/12/22","AT",8858775,0,0,0,0,0,0,0,0,0,0,0,0,0,0
"2019/12/23","AT",8858775,0,0,0,0,0,0,0,0,0,0,0,0,0,0
"2019/12/24","AT",8858775,0,0,0,0,0,0,0,0,0,0,0,0,0,0
"2019/12/25","AT",8858775,0,0,0,0,0,0,0,0,0,0,0,0,0,0
"2019/12/26","AT",8858775,0,0,0,0,0,0,0,0,0,0,0,0,0,0
"2019/12/27","AT",8858775,0,0,0,0,0,0,0,0,0,0,0,0,0,0
"2019/12/28","AT",8858775,0,0,0,0,0,0,0,0,0,0,0,0,0,0
"2019/12/29","AT",8858775,0,0,0,0,0,0,0,0,0,0,0,0,0,0
"2019/12/30","AT",8858775,0,0,0,0,0,0,0,0,0,0,0,0,0,0
"2019/12/31","AT",8858775,0,0,0,0,0,0,0,0,0,0,0,0,0,0
"2020/01/01","AT",8858775,0,0,0,0,0,0,0,0,0,0,0,0,0,0
"2020/01/02","AT",8858775,0,0,0,0,0,0,0,0,0,0,0,0,0,0
"2020/01/03","AT",8858775,0,0,0,0,0,0,0,0,0,0,0,0,0,0
"2020/01/04","AT",8858775,0,0,0,0,0,0,0,0,0,0,0,0,0,0
"2020/01/05","AT",8858775,0,0,0,0,0,0,0,0,0,0,0,0,0,0
"2020/01/06","AT",8858775,0,0,0,0,0,0,0,0,0,0,0,0,0,0
"2020/01/07","AT",8858775,0,0,0,0,0,0,0,0,0,0,0,0,0,0
"2020/01/08","AT",8858775,0,0,0,0,0,0,0,0,0,0,0,0,0,0
"2020/01/09","AT",8858775,0,0,0,0,0,0,0,0,0,0,0,0,0,0
"2020/01/10","AT",8858775,0,0,0,0,0,0,0,0,0,0,0,0,0,0
"2020/01/11","AT",8858775,0,0,0,0,0,0,0,0,0,0,0,0,0,0
"2020/01/12","AT",8858775,0,0,0,0,0,0,0,0,0,0,0,0,0,0
"2020/01/13","AT",8858775,0,0,0,0,0,0,0,0,0,0,0,0,0,0
"2020/01/14","AT",8858775,0,0,0,0,0,0,0,0,0,0,0,0,0,0
"2020/01/15","AT",8858775,0,0,0,0,0,0,0,0,0,0,0,0,0,0
"2020/01/16","AT",8858775,0,0,0,0,0,0,0,0,0,0,0,0,0,0
"2020/01/17","AT",8858775,0,0,0,0,0,0,0,0,0,0,0,0,0,0
"2020/01/18","AT",8858775,0,0,0,0,0,0,0,0,0,0,0,0,0,0
"2020/01/19","AT",8858775,0,0,0,0,0,0,0,0,0,0,0,0,0,0
"2020/01/20","AT",8858775,0,0,0,0,0,0,0,0,0,0,0,0,0,0
"2020/01/21","AT",8858775,0,0,0,0,0,0,0,0,0,0,0,0,0,0
"2020/01/22","AT",8858775,0,0,0,0,0,0,0,0,0,0,0,0,0,0
"2020/01/23","AT",8858775,0,0,0,0,0,0,0,0,0,0,0,0,0,0
"2020/01/24","AT",8858775,0,0,0,0,0,0,0,0,0,0,0,0,0,0
"2020/01/25","AT",8858775,0,0,0,0,0,0,0,0,0,0,0,0,0,0
"2020/01/26","AT",8858775,0,0,0,0,0,0,0,0,0,0,0,0,0,0
"2020/01/27","AT",8858775,0,0,0,0,0,0,0,0,0,0,0,0,0,0
"2020/01/28","AT",8858775,0,0,0,0,0,0,0,0,0,0,0,0,0,0
"2020/01/29","AT",8858775,0,0,0,0,0,0,0,0,0,0,0,0,0,0
"2020/01/30","AT",8858775,0,0,0,0,0,0,0,0,0,0,0,0,0,0
"2020/01/31","AT",8858775,0,0,0,0,0,0,0,0,0,0,0,0,0,0
"2020/02/01","AT",8858775,0,0,0,0,0,0,0,0,0,0,0,0,0,0
"2020/02/02","AT",8858775,0,0,0,0,0,0,0,0,0,0,0,0,0,0
"2020/02/03","AT",8858775,0,0,0,0,0,0,0,0,0,0,0,0,0,0
"2020/02/04","AT",8858775,0,0,0,0,0,0,0,0,0,0,0,0,0,0
"2020/02/05","AT",8858775,0,0,0,0,0,0,0,0,0,0,0,0,0,0
"2020/02/06","AT",8858775,0,0,0,0,0,0,0,0,0,0,0,0,0,0
"2020/02/07","AT",8858775,0,0,0,0,0,0,0,0,0,0,0,0,0,0
"2020/02/08","AT",8858775,0,0,0,0,0,0,0,0,0,0,0,0,0,0
"2020/02/09","AT",8858775,0,0,0,0,0,0,0,0,0,0,0,0,0,0
"2020/02/10","AT",8858775,0,0,0,0,0,0,0,0,0,0,0,0,0,0
"2020/02/11","AT",8858775,0,0,0,0,0,0,0,0,0,0,0,0,0,0
"2020/02/12","AT",8858775,0,0,0,0,0,0,0,0,0,0,0,0,0,0
"2020/02/13","AT",8858775,0,0,0,0,0,0,0,0,0,0,0,0,0,0
"2020/02/14","AT",8858775,0,0,0,0,0,0,0,0,0,0,0,0,0,0
"2020/02/15","AT",8858775,0,0,0,0,0,0,0,0,0,0,0,0,0,0
"2020/02/16","AT",8858775,0,0,0,0,0,0,0,0,0,0,0,0,0,0
"2020/02/17","AT",8858775,0,0,0,0,0,0,0,0,0,0,0,0,0,0
"2020/02/18","AT",8858775,0,0,0,0,0,0,0,0,0,0,0,0,0,0
"2020/02/19","AT",8858775,0,0,0,0,0,0,0,0,0,0,0,0,0,0
"2020/02/20","AT",8858775,0,0,0,0,0,0,0,0,0,0,0,0,0,0
"2020/02/21","AT",8858775,0,0,0,0,0,0,0,0,0,0,0,0,0,0
"2020/02/22","AT",8858775,0,0,0,0,0,0,0,0,0,0,0,0,0,0
"2020/02/23","AT",8858775,0,0,0,0,0,0,0,0,0,0,0,0,0,0
"2020/02/24","AT",8858775,0,0,0,0,0,0,0,0,0,0,0,0,0,0
"2020/02/25","AT",8858775,2,0,2,0,0,0,0,0,2.25764848977426e-07,0,0,0,0,0
"2020/02/26","AT",8858775,0,0,2,0,0,0,0,0,2.25764848977426e-07,0,0,0,0,0
"2020/02/27","AT",8858775,1,0,3,0,0,0,0,0,3.3864727346614e-07,0,0,0,0,0
"2020/02/28","AT",8858775,0,0,3,0,72.463768115942,72.463768115942,72.463768115942,72.463768115942,3.3864727346614e-07,0,8.17988583251545e-06,8.17988583251545e-06,8.17988583251545e-06,8.17988583251545e-06
"2020/02/29","AT",8858775,6,0,9,0,72.463768115942,0,72.463768115942,72.463768115942,1.01594182039842e-06,0,8.17988583251545e-06,0,8.17988583251545e-06,8.17988583251545e-06
"2020/03/01","AT",8858775,5,0,14,0,72.463768115942,0,72.463768115942,72.463768115942,1.58035394284198e-06,0,8.17988583251545e-06,0,8.17988583251545e-06,8.17988583251545e-06
"2020/03/02","AT",8858775,4,0,18,0,72.463768115942,0,72.463768115942,72.463768115942,2.03188364079684e-06,0,8.17988583251545e-06,0,8.17988583251545e-06,8.17988583251545e-06
"2020/03/03","AT",8858775,3,0,21,0,217.391304347826,144.927536231884,217.391304347826,217.391304347826,2.37053091426298e-06,0,2.45396574975463e-05,1.63597716650309e-05,2.45396574975463e-05,2.45396574975463e-05
"2020/03/04","AT",8858775,8,0,29,0,217.391304347826,0,217.391304347826,217.391304347826,3.27359031017268e-06,0,2.45396574975463e-05,0,2.45396574975463e-05,2.45396574975463e-05
"2020/03/05","AT",8858775,12,0,41,0,289.855072463768,72.463768115942,289.855072463768,289.855072463768,4.62817940403724e-06,0,3.27195433300618e-05,8.17988583251545e-06,3.27195433300618e-05,3.27195433300618e-05
"2020/03/06","AT",8858775,14,0,55,0,434.782608695652,144.927536231884,434.782608695652,434.782608695652,6.20853334687922e-06,0,4.90793149950927e-05,1.63597716650309e-05,4.90793149950927e-05,4.90793149950927e-05
"2020/03/07","AT",8858775,24,0,79,0,434.782608695652,0,434.782608695652,434.782608695652,8.91771153460834e-06,0,4.90793149950927e-05,0,4.90793149950927e-05,4.90793149950927e-05
"2020/03/08","AT",8858775,25,0,104,0,579.710144927536,144.927536231884,579.710144927536,579.710144927536,1.17397721468262e-05,0,6.54390866601236e-05,1.63597716650309e-05,6.54390866601236e-05,6.54390866601236e-05
"2020/03/09","AT",8858775,27,0,131,0,1159.42028985507,579.710144927536,1159.42028985507,1159.42028985507,1.47875976080214e-05,0,0.000130878173320247,6.54390866601236e-05,0.000130878173320247,0.000130878173320247
"2020/03/10","AT",8858775,51,0,182,0,1521.73913043478,362.31884057971,1521.73913043478,1521.73913043478,2.05446012569458e-05,0,0.000171777602482824,4.08994291625772e-05,0.000171777602482824,0.000171777602482824
"2020/03/11","AT",8858775,64,0,246,0,2028.98550724638,507.246376811594,1956.52173913043,2028.98550724638,2.77690764242234e-05,0,0.000229036803310433,5.72592008276081e-05,0.000220856917477917,0.000229036803310433
"2020/03/12","AT",8858775,56,1,302,1,2173.91304347826,144.927536231884,2101.44927536232,2173.91304347826,3.40904921955914e-05,1.12882424488713e-07,0.000245396574975463,1.63597716650309e-05,0.000237216689142948,0.000245396574975463
"2020/03/13","AT",8858775,202,0,504,1,3550.72463768116,1376.8115942029,3478.26086956522,3550.72463768116,5.68927419423114e-05,1.12882424488713e-07,0.000400814405793257,0.000155417830817793,0.000392634519960741,0.000400814405793257
"2020/03/14","AT",8858775,151,0,655,1,4202.89855072464,652.173913043478,4130.4347826087,4202.89855072464,7.39379880401071e-05,1.12882424488713e-07,0.000474433378285896,7.3618972492639e-05,0.000466253492453381,0.000474433378285896
"2020/03/15","AT",8858775,205,0,860,1,4927.53623188406,724.63768115942,4710.14492753623,4927.53623188406,9.70788850602933e-05,1.12882424488713e-07,0.00055623223661105,8.17988583251544e-05,0.000531692579113504,0.00055623223661105
"2020/03/16","AT",8858775,158,2,1018,3,6231.88405797101,1304.34782608696,6014.49275362319,6231.88405797101,0.00011491430812951,3.3864727346614e-07,0.000703470181596328,0.000147237944985278,0.000678930524098782,0.000703470181596328
"2020/03/17","AT",8858775,314,0,1332,3,7826.08695652174,1594.20289855072,7536.23188405797,7753.6231884058,0.000150359389418966,3.3864727346614e-07,0.000883427669911668,0.00017995748831534,0.000850708126581606,0.000875247784079153
"2020/03/18","AT",8858775,314,1,1646,4,9275.36231884058,1449.27536231884,8840.57971014493,9202.89855072464,0.000185804470708422,4.51529697954853e-07,0.00104702538656198,0.000163597716650309,0.000997946071566885,0.00103884550072946
"2020/03/19","AT",8858775,367,2,2013,6,10579.7101449275,1304.34782608696,10144.9275362319,10507.2463768116,0.00022723232049578,6.77294546932279e-07,0.00119426333154726,0.000147237944985278,0.00114518401655216,0.00118608344571474
"2020/03/20","AT",8858775,375,0,2388,6,11449.2753623188,869.565217391304,10869.5652173913,11376.8115942029,0.000269563229679047,6.77294546932279e-07,0.00129242196153744,9.81586299901853e-05,0.00122698287487732,0.00128424207570493
"2020/03/21","AT",8858775,426,2,2814,8,12173.9130434783,724.637681159422,11014.4927536232,11956.5217391304,0.000317651142511239,9.03059395909705e-07,0.0013742208198626,8.17988583251546e-05,0.00124334264654235,0.00134968116236505
"2020/03/22","AT",8858775,768,8,3582,16,13478.2608695652,1304.34782608696,11956.5217391304,13260.8695652174,0.000404344844518571,1.80611879181941e-06,0.00152145876484787,0.000147237944985278,0.00134968116236505,0.00149691910735033
"2020/03/23","AT",8858775,892,5,4474,21,14782.6086956522,1304.34782608696,12753.6231884058,14492.7536231884,0.000505035967162503,2.37053091426298e-06,0.00166869670983315,0.000147237944985278,0.00143965990652272,0.00163597716650309
"2020/03/24","AT",8858775,809,7,5283,28,15942.0289855072,1159.42028985507,13768.115942029,15507.2463768116,0.000596357848573872,3.16070788568397e-06,0.0017995748831534,0.000130878173320247,0.00155417830817794,0.00175049556815831
"2020/03/25","AT",8858775,305,2,5588,30,17608.6956521739,1666.66666666667,14057.9710144928,17173.9130434783,0.000630786988042929,3.3864727346614e-06,0.00198771225730125,0.000188137374147855,0.001586897851508,0.00193863294230616
"2020/03/26","AT",8858775,1321,19,6909,49,19782.6086956522,2173.91304347826,15579.7101449275,19202.8985507246,0.000779904670792519,5.53123879994695e-06,0.00223310883227672,0.000245396574975464,0.00175867545399082,0.00216766974561659
"2020/03/27","AT",8858775,748,9,7657,58,21376.8115942029,1594.20289855072,16449.2753623188,20217.3913043478,0.000864340724310077,6.54718062034536e-06,0.00241306632059206,0.00017995748831534,0.00185683408398101,0.00228218814727181
"2020/03/28","AT",8858775,614,10,8271,68,23115.9420289855,1739.13043478261,16884.0579710145,21594.2028985507,0.000933650532946147,7.6760048652325e-06,0.00260938358057243,0.000196317259980371,0.0019059133989761,0.0024376059780896
"2020/03/29","AT",8858775,517,18,8788,86,24420.2898550725,1304.34782608696,16594.2028985507,22391.3043478261,0.000992010746406811,9.70788850602933e-06,0.00275662152555771,0.000147237944985278,0.00187319385564604,0.00252758472224727
"2020/03/30","AT",8858775,830,22,9618,108,25362.3188405797,942.028985507248,16086.9565217391,23188.4057971015,0.00108570315873244,1.2191301844781e-05,0.00286296004138041,0.000106338515822701,0.00181593465481843,0.00261756346640494
"2020/03/31","AT",8858775,562,20,10180,128,26666.6666666667,1304.34782608696,16086.9565217391,23115.9420289855,0.0011491430812951,1.44489503345553e-05,0.00301019798636568,0.000147237944985278,0.00181593465481843,0.00260938358057243
"2020/04/01","AT",8858775,531,18,10711,146,27826.0869565217,1159.42028985507,16376.8115942029,23623.1884057971,0.00120908364869861,1.64808339753521e-05,0.00314107615968593,0.000130878173320247,0.00184865419814849,0.00266664278140004
"2020/04/02","AT",8858775,418,12,11129,158,28478.2608695652,652.173913043476,16304.347826087,23550.7246376812,0.00125626850213489,1.78354230692167e-05,0.00321469513217857,7.36189724926388e-05,0.00184047431231598,0.00265846289556752
"2020/04/03","AT",8858775,395,10,11524,168,29710.1449275362,1231.88405797102,16231.884057971,23478.2608695652,0.00130085705980793,1.89642473141038e-05,0.00335375319133133,0.000139058059152763,0.00183229442648346,0.002650283009735
"2020/04/04","AT",8858775,257,18,11781,186,31231.884057971,1521.73913043478,16449.2753623188,23405.7971014493,0.00132986784290153,2.09961309549007e-05,0.00352553079381416,0.000171777602482825,0.00185683408398101,0.00264210312390249
"2020/04/05","AT",8858775,270,18,12051,204,32101.4492753623,869.565217391304,16159.4202898551,22826.0869565217,0.00136034609751348,2.30280145956975e-05,0.00362368942380434,9.81586299901853e-05,0.00182411454065094,0.00257666403724237
"2020/04/06","AT",8858775,246,16,12297,220,32753.6231884058,652.173913043476,15144.9275362319,22173.9130434783,0.00138811517393771,2.48341333875169e-05,0.00369730839629698,7.36189724926388e-05,0.00170959613899573,0.00250304506474973
"2020/04/07","AT",8858775,342,23,12639,243,34057.9710144928,1304.34782608696,14275.3623188406,22608.6956521739,0.00142672096311285,2.74304291507573e-05,0.00384454634128226,0.000147237944985278,0.00161143750900554,0.00255212437974482
"2020/04/08","AT",8858775,303,30,12942,273,35579.7101449275,1521.73913043478,14202.8985507246,23405.7971014493,0.00146092433773293,3.08169018854187e-05,0.00401632394376508,0.000171777602482825,0.00160325762317303,0.00264210312390249
"2020/04/09","AT",8858775,302,22,13244,295,36956.5217391304,1376.8115942029,13840.5797101449,23478.2608695652,0.00149501482992852,3.33003152241704e-05,0.00417174177458288,0.000155417830817793,0.00156235819401045,0.002650283009735
"2020/04/10","AT",8858775,311,24,13555,319,37826.0869565217,869.565217391304,13405.7971014493,23043.4782608696,0.00153012126394451,3.60094934118995e-05,0.00426990040457306,9.81586299901853e-05,0.00151327887901536,0.00260120369473991
"2020/04/11","AT",8858775,251,18,13806,337,38405.7971014493,579.710144927543,13043.4782608696,22463.768115942,0.00155845475249117,3.80413770526963e-05,0.00433533949123319,6.54390866601244e-05,0.00147237944985278,0.00253576460807979
"2020/04/12","AT",8858775,139,13,13945,350,38840.5797101449,434.782608695648,12173.9130434783,21231.884057971,0.00157414540949511,3.95088485710496e-05,0.00438441880622828,4.90793149950923e-05,0.00137422081986259,0.00239670654892703
"2020/04/13","AT",8858775,96,18,14041,368,39275.3623188406,434.782608695656,11449.2753623188,19492.7536231884,0.00158498212224602,4.15407322118464e-05,0.00443349812122337,4.90793149950931e-05,0.00129242196153744,0.00220038928894666
"2020/04/14","AT",8858775,185,16,14226,384,39782.6086956522,507.246376811592,11304.347826087,18405.7971014493,0.00160586537077643,4.33468510036659e-05,0.00449075732205098,5.72592008276079e-05,0.00127606218987241,0.00207769100145892
"2020/04/15","AT",8858775,110,9,14336,393,41231.884057971,1449.27536231884,11521.7391304348,18115.9420289855,0.00161828243747019,4.43627928240643e-05,0.00465435503870129,0.000163597716650309,0.00130060184736996,0.00204497145812886
"2020/04/16","AT",8858775,140,17,14476,410,42028.9855072464,797.10144927536,10797.1014492754,17608.6956521739,0.00163408597689861,4.62817940403724e-05,0.00474433378285896,8.99787441576697e-05,0.0012188029890448,0.00198771225730125
"2020/04/17","AT",8858775,119,21,14595,431,42318.8405797101,289.855072463768,10217.3913043478,16956.5217391304,0.00164751898541277,4.86523249546354e-05,0.00477705332618902,3.27195433300618e-05,0.00115336390238468,0.00191409328480861
"2020/04/18","AT",8858775,76,12,14671,443,42681.1594202899,362.318840579712,9927.53623188406,16014.4927536232,0.00165609804967391,5.00069140484999e-05,0.0048179527553516,4.08994291625774e-05,0.00112064435905462,0.00180775476898591
"2020/04/19","AT",8858775,78,9,14749,452,43188.4057971014,507.246376811592,9130.4347826087,15362.3188405797,0.00166490287878403,5.10228558688983e-05,0.00487521195617921,5.72592008276079e-05,0.00103066561489695,0.00173413579649327
"2020/04/20","AT",8858775,46,18,14795,470,43333.3333333333,144.927536231888,7753.6231884058,14855.0724637681,0.00167009547031051,5.30547395096952e-05,0.00489157172784424,1.63597716650313e-05,0.000875247784079153,0.00167687659566567
"2020/04/21","AT",8858775,78,21,14873,491,43478.2608695652,144.92753623188,6521.73913043478,13768.115942029,0.00167890029942063,5.54252704239582e-05,0.00490793149950927,1.63597716650305e-05,0.00073618972492639,0.00155417830817793
"2020/04/22","AT",8858775,52,19,14925,510,43913.0434782609,434.782608695656,6086.95652173914,12681.1594202899,0.00168477018549404,5.75700364892437e-05,0.00495701081450436,4.90793149950931e-05,0.000687110409931298,0.0014314800206902
"2020/04/23","AT",8858775,77,12,15002,522,44057.9710144928,144.92753623188,5652.17391304347,11956.5217391304,0.00169346213217967,5.89246255831083e-05,0.00497337058616939,1.63597716650305e-05,0.000638031094936204,0.00134968116236505
"2020/04/24","AT",8858775,69,8,15071,530,44130.4347826087,72.4637681159438,5289.85507246377,11376.8115942029,0.0017012510194694,5.9827684979018e-05,0.00498155047200191,8.17988583251565e-06,0.000597131665773628,0.00128424207570493
"2020/04/25","AT",8858775,77,6,15148,536,44492.7536231884,362.318840579712,5217.39130434782,10434.7826086957,0.00170994296615503,6.05049795259503e-05,0.00502244990116449,4.08994291625774e-05,0.000588951779941112,0.00117790355988222
"2020/04/26","AT",8858775,77,6,15225,542,44565.2173913044,72.4637681159438,4782.60869565218,8985.50724637682,0.00171863491284066,6.11822740728825e-05,0.005030629786997,8.17988583251565e-06,0.00053987246494602,0.00101430584323192
"2020/04/27","AT",8858775,49,7,15274,549,44782.6086956522,217.391304347824,3550.72463768116,7826.08695652174,0.0017241661516406,6.19724510443035e-05,0.00505516944449455,2.45396574975461e-05,0.000400814405793257,0.000883427669911669
"2020/04/28","AT",8858775,83,20,15357,569,44927.5362318841,144.92753623188,2898.55072463768,7101.44927536232,0.00173353539287317,6.42300995340778e-05,0.00507152921615958,1.63597716650305e-05,0.000327195433300618,0.000801628811586514
"2020/04/29","AT",8858775,45,11,15402,580,45144.9275362319,217.391304347831,2826.08695652174,6739.13043478261,0.00173861510197516,6.54718062034536e-05,0.00509606887365712,2.45396574975469e-05,0.000319015547468103,0.000760729382423937
"2020/04/30","AT",8858775,50,4,15452,584,45217.3913043478,72.4637681159365,2536.23188405797,6376.8115942029,0.0017442592231996,6.59233359014085e-05,0.00510424875948964,8.17988583251483e-06,0.00028629600413804,0.000719829953261359
"2020/05/01","AT",8858775,79,5,15531,589,45362.3188405797,144.927536231888,2173.91304347826,6086.95652173913,0.0017531769347342,6.6487748023852e-05,0.00512060853115467,1.63597716650313e-05,0.000245396574975464,0.000687110409931297
"2020/05/02","AT",8858775,27,7,15558,596,45507.2463768116,144.92753623188,2173.91304347826,5724.63768115942,0.0017562247601954,6.7277924995273e-05,0.0051369683028197,1.63597716650305e-05,0.000245396574975463,0.00064621098076872
"2020/05/03","AT",8858775,39,2,15597,598,45579.7101449275,72.4637681159438,2101.44927536232,4347.82608695652,0.00176062717475046,6.75036898442505e-05,0.00514514818865222,8.17988583251565e-06,0.000237216689142948,0.000490793149950927
"2020/05/04","AT",8858775,24,2,15621,600,45579.7101449275,0,1666.66666666666,3550.72463768116,0.00176333635293819,6.77294546932279e-05,0.00514514818865222,0,0.000188137374147855,0.000400814405793257
"2020/05/05","AT",8858775,29,6,15650,606,45579.7101449275,0,1521.73913043478,3260.86956521739,0.00176660994324836,6.84067492401602e-05,0.00514514818865222,0,0.000171777602482825,0.000368094862463195
"2020/05/06","AT",8858775,34,2,15684,608,45797.1014492754,217.391304347824,1666.66666666666,3115.9420289855,0.00177044794568098,6.86325140891376e-05,0.00516968784614976,2.45396574975461e-05,0.000188137374147855,0.000351735090798164
"2020/05/07","AT",8858775,68,1,15752,609,45869.5652173913,72.4637681159438,1376.8115942029,2681.15942028986,0.00177812395054621,6.87453965136263e-05,0.00517786773198228,8.17988583251565e-06,0.000155417830817793,0.000302655775803072
"2020/05/08","AT",8858775,22,5,15774,614,45869.5652173913,0,1304.34782608695,2536.23188405797,0.00178060736388496,6.93098086360699e-05,0.00517786773198228,0,0.000147237944985278,0.00028629600413804
"2020/05/09","AT",8858775,59,1,15833,615,46014.4927536232,144.927536231888,1231.88405797102,2536.23188405798,0.0017872674269298,6.94226910605586e-05,0.00519422750364731,1.63597716650313e-05,0.000139058059152763,0.000286296004138041
"2020/05/10","AT",8858775,38,3,15871,618,46304.347826087,289.855072463768,1376.8115942029,2391.30434782609,0.00179155695906037,6.97613383340247e-05,0.00522694704697737,3.27195433300618e-05,0.000155417830817794,0.00026993623247301
"2020/05/11","AT",8858775,11,2,15882,620,46376.8115942029,72.4637681159365,1231.88405797101,2318.84057971014,0.00179279866572974,6.99871031830022e-05,0.00523512693280989,8.17988583251483e-06,0.000139058059152762,0.000261756346640494
"2020/05/12","AT",8858775,79,3,15961,623,46449.2753623188,72.4637681159438,1231.88405797102,2318.84057971014,0.00180171637726435,7.03257504564683e-05,0.0052433068186424,8.17988583251565e-06,0.000139058059152763,0.000261756346640494
"2020/05/13","AT",8858775,36,1,15997,624,46594.2028985507,144.927536231888,1231.88405797102,2101.44927536232,0.00180578014454594,7.0438632880957e-05,0.00525966659030743,1.63597716650313e-05,0.000139058059152763,0.000237216689142948
"2020/05/14","AT",8858775,61,2,16058,626,46739.1304347826,144.92753623188,1231.88405797102,2173.91304347826,0.00181266597243976,7.06643977299344e-05,0.00527602636197246,1.63597716650305e-05,0.000139058059152763,0.000245396574975463
"2020/05/15","AT",8858775,51,2,16109,628,48405.7971014493,1666.66666666667,2826.08695652174,3623.1884057971,0.00181842297608868,7.08901625789119e-05,0.00546416373612032,0.000188137374147856,0.000319015547468103,0.000408994291625773
"2020/05/16","AT",8858775,92,1,16201,629,48405.7971014493,0,2826.08695652174,3478.26086956522,0.00182880815914164,7.10030450034006e-05,0.00546416373612032,0,0.000319015547468103,0.000392634519960742
"2020/05/17","AT",8858775,41,0,16242,629,48405.7971014493,0,2826.08695652174,3260.86956521739,0.00183343633854568,7.10030450034006e-05,0.00546416373612032,0,0.000319015547468103,0.000368094862463195
"2020/05/18","AT",8858775,27,0,16269,629,48405.7971014493,0,2608.69565217392,3188.40579710146,0.00183648416400687,7.10030450034006e-05,0.00546416373612032,0,0.000294475889970557,0.00035991497663068
"2020/05/19","AT",8858775,52,3,16321,632,48405.7971014493,0,2536.23188405798,3043.47826086957,0.00184235405008029,7.13416922768667e-05,0.00546416373612032,0,0.000286296004138041,0.000343555204965649
"2020/05/20","AT",8858775,32,1,16353,633,48478.2608695652,72.4637681159365,2608.69565217391,2971.01449275362,0.00184596628766393,7.14545747013554e-05,0.00547234362195283,8.17988583251483e-06,0.000294475889970556,0.000335375319133133
"2020/05/21","AT",8858775,51,0,16404,633,48550.7246376812,72.4637681159438,2536.23188405797,2971.01449275362,0.00185172329131285,7.14545747013554e-05,0.00548052350778535,8.17988583251565e-06,0.00028629600413804,0.000335375319133133
"2020/05/22","AT",8858775,32,2,16436,635,48550.7246376812,0,2246.3768115942,2971.01449275362,0.00185533552889649,7.16803395503329e-05,0.00548052350778535,0,0.000253576460807979,0.000335375319133133
"2020/05/23","AT",8858775,50,4,16486,639,48695.652173913,144.927536231888,2318.84057971015,3115.94202898551,0.00186097965012093,7.21318692482877e-05,0.00549688327945038,1.63597716650313e-05,0.000261756346640495,0.000351735090798165
"2020/05/24","AT",8858775,17,1,16503,640,48695.652173913,0,2246.37681159421,2898.55072463769,0.00186289865133723,7.22447516727764e-05,0.00549688327945038,0,0.000253576460807979,0.000327195433300619
"2020/05/25","AT",8858775,36,1,16539,641,48695.652173913,0,2101.44927536232,2826.08695652174,0.00186696241861883,7.23576340972651e-05,0.00549688327945038,0,0.000237216689142948,0.000319015547468103
"2020/05/26","AT",8858775,18,2,16557,643,48695.652173913,0,1956.52173913044,2826.08695652174,0.00186899430225962,7.25833989462426e-05,0.00549688327945038,0,0.000220856917477918,0.000319015547468103
"2020/05/27","AT",8858775,34,2,16591,645,48695.652173913,0,289.855072463768,2681.15942028986,0.00187283230469224,7.280916379522e-05,0.00549688327945038,0,3.27195433300618e-05,0.000302655775803072
"2020/05/28","AT",8858775,37,23,16628,668,48768.115942029,72.4637681159365,362.318840579705,2463.76811594202,0.00187700895439832,7.54054595584604e-05,0.0055050631652829,8.17988583251483e-06,4.08994291625766e-05,0.000278116118305525
"2020/05/29","AT",8858775,27,0,16655,668,48840.5797101449,72.4637681159438,434.782608695649,2463.76811594203,0.00188005677985952,7.54054595584604e-05,0.00551324305111541,8.17988583251565e-06,4.90793149950923e-05,0.000278116118305525
"2020/05/30","AT",8858775,30,0,16685,668,48913.0434782609,72.4637681159438,507.246376811592,2463.76811594203,0.00188344325259418,7.54054595584604e-05,0.00552142293694793,8.17988583251565e-06,5.72592008276079e-05,0.000278116118305525
"2020/05/31","AT",8858775,46,0,16731,668,49057.9710144928,144.92753623188,652.173913043473,2463.76811594202,0.00188863584412066,7.54054595584604e-05,0.00553778270861296,1.63597716650305e-05,7.36189724926384e-05,0.000278116118305525
"2020/06/01","AT",8858775,2,0,16733,668,49057.9710144928,0,579.710144927536,2318.84057971014,0.00188886160896964,7.54054595584604e-05,0.00553778270861296,0,6.54390866601236e-05,0.000261756346640494
"2020/06/02","AT",8858775,26,1,16759,669,49130.4347826087,72.4637681159438,579.710144927536,724.637681159417,0.00189179655200634,7.55183419829491e-05,0.00554596259444547,8.17988583251565e-06,6.54390866601236e-05,8.17988583251541e-05
"2020/06/03","AT",8858775,12,1,16771,670,49347.8260869565,217.391304347824,797.10144927536,942.028985507241,0.00189315114110021,7.56312244074378e-05,0.00557050225194302,2.45396574975461e-05,8.99787441576697e-05,0.0001063385158227
"2020/06/04","AT",8858775,34,0,16805,670,49782.6086956522,434.782608695656,1086.95652173913,1376.8115942029,0.00189698914353282,7.56312244074378e-05,0.00561958156693811,4.90793149950931e-05,0.000122698287487731,0.000155417830817793
"2020/06/05","AT",8858775,38,2,16843,672,49855.0724637681,72.4637681159438,1159.42028985507,1449.27536231884,0.0019012786756634,7.58569892564153e-05,0.00562776145277063,8.17988583251565e-06,0.000130878173320247,0.000163597716650309
"2020/06/06","AT",8858775,55,0,16898,672,49855.0724637681,0,1159.42028985507,1449.27536231884,0.00190748720901028,7.58569892564153e-05,0.00562776145277063,0,0.000130878173320247,0.000163597716650309
"2020/06/07","AT",8858775,4,0,16902,672,49855.0724637681,0,1159.42028985507,1376.8115942029,0.00190793873870823,7.58569892564153e-05,0.00562776145277063,0,0.000130878173320247,0.000155417830817794
"2020/06/08","AT",8858775,66,0,16968,672,50000,144.92753623188,1304.34782608695,1449.27536231884,0.00191538897872448,7.58569892564153e-05,0.00564412122443566,1.63597716650305e-05,0.000147237944985278,0.000163597716650309
"2020/06/09","AT",8858775,11,0,16979,672,50000,0,1231.88405797102,1449.27536231884,0.00191663068539386,7.58569892564153e-05,0.00564412122443566,0,0.000139058059152763,0.000163597716650309
"2020/06/10","AT",8858775,26,1,17005,673,50217.3913043478,217.391304347824,1376.8115942029,1521.73913043478,0.00191956562843057,7.5969871680904e-05,0.0056686608819332,2.45396574975461e-05,0.000155417830817793,0.000171777602482824
"2020/06/11","AT",8858775,29,1,17034,674,50217.3913043478,0,1304.34782608695,1521.73913043478,0.00192283921874074,7.60827541053927e-05,0.0056686608819332,0,0.000147237944985278,0.000171777602482824
"2020/06/12","AT",8858775,30,1,17064,675,50579.7101449275,362.318840579712,1521.73913043478,1884.05797101449,0.0019262256914754,7.61956365298814e-05,0.00570956031109578,4.08994291625774e-05,0.000171777602482825,0.000212677031645401
"2020/06/13","AT",8858775,14,2,17078,677,50579.7101449275,0,1521.73913043478,1884.05797101449,0.00192780604541824,7.64214013788588e-05,0.00570956031109578,0,0.000171777602482825,0.000212677031645401
"2020/06/14","AT",8858775,31,0,17109,677,50724.6376811594,144.927536231888,1594.20289855073,2028.98550724638,0.00193130540057739,7.64214013788588e-05,0.00572592008276081,1.63597716650313e-05,0.00017995748831534,0.000229036803310432
"2020/06/15","AT",8858775,26,1,17135,678,50869.5652173913,144.92753623188,1521.73913043478,2101.44927536232,0.0019342403436141,7.65342838033475e-05,0.00574227985442584,1.63597716650305e-05,0.000171777602482825,0.000237216689142948
"2020/06/16","AT",8858775,54,3,17189,681,50942.0289855072,72.4637681159438,1159.42028985507,2101.44927536232,0.00194033599453649,7.68729310768137e-05,0.00575045974025836,8.17988583251565e-06,0.000130878173320247,0.000237216689142948
"2020/06/17","AT",8858775,14,6,17203,687,51086.9565217391,144.92753623188,1231.88405797101,2173.91304347826,0.00194191634847933,7.7550225623746e-05,0.00576681951192339,1.63597716650305e-05,0.000139058059152762,0.000245396574975463
"2020/06/18","AT",8858775,20,1,17223,688,51086.9565217391,0,1231.88405797101,2028.98550724638,0.00194417399696911,7.76631080482347e-05,0.00576681951192339,0,0.000139058059152762,0.000229036803310432
"2020/06/19","AT",8858775,48,0,17271,688,51086.9565217391,0,1231.88405797101,2028.98550724638,0.00194959235334457,7.76631080482347e-05,0.00576681951192339,0,0.000139058059152762,0.000229036803310432
"2020/06/20","AT",8858775,52,0,17323,688,51086.9565217391,0,1086.95652173913,1956.52173913043,0.00195546223941798,7.76631080482347e-05,0.00576681951192339,0,0.000122698287487731,0.000220856917477917
"2020/06/21","AT",8858775,18,2,17341,690,51086.9565217391,0,1086.95652173913,1739.13043478261,0.00195749412305878,7.78888728972121e-05,0.00576681951192339,0,0.000122698287487731,0.000196317259980371
"2020/06/22","AT",8858775,39,0,17380,690,51159.4202898551,72.4637681159438,942.028985507248,1376.8115942029,0.00196189653761383,7.78888728972121e-05,0.00577499939775591,8.17988583251565e-06,0.000106338515822701,0.000155417830817793
"2020/06/23","AT",8858775,28,3,17408,693,51159.4202898551,0,942.028985507248,1304.34782608695,0.00196505724549952,7.82275201706782e-05,0.00577499939775591,0,0.000106338515822701,0.000147237944985278
"2020/06/24","AT",8858775,41,0,17449,693,51159.4202898551,0,579.710144927536,1304.34782608695,0.00196968542490356,7.82275201706782e-05,0.00577499939775591,0,6.54390866601236e-05,0.000147237944985278
"2020/06/25","AT",8858775,28,5,17477,698,51159.4202898551,0,579.710144927536,1304.34782608695,0.00197284613278924,7.87919322931218e-05,0.00577499939775591,0,6.54390866601236e-05,0.000147237944985278
"2020/06/26","AT",8858775,45,0,17522,698,51159.4202898551,0,434.782608695649,1159.42028985507,0.00197792584189123,7.87919322931218e-05,0.00577499939775591,0,4.90793149950923e-05,0.000130878173320247
"2020/06/27","AT",8858775,58,2,17580,700,51159.4202898551,0,289.855072463768,1159.42028985507,0.00198447302251158,7.90176971420992e-05,0.00577499939775591,0,3.27195433300618e-05,0.000130878173320247
"2020/06/28","AT",8858775,74,2,17654,702,51159.4202898551,0,217.391304347824,942.028985507248,0.00199282632192374,7.92434619910766e-05,0.00577499939775591,0,2.45396574975462e-05,0.000106338515822701
"2020/06/29","AT",8858775,69,1,17723,703,51304.347826087,144.927536231888,217.391304347832,1086.95652173914,0.00200061520921346,7.93563444155654e-05,0.00579135916942094,1.63597716650313e-05,2.4539657497547e-05,0.000122698287487732
"2020/06/30","AT",8858775,43,2,17766,705,51304.347826087,0,217.391304347832,724.637681159424,0.00200546915346648,7.95821092645428e-05,0.00579135916942094,0,2.4539657497547e-05,8.17988583251549e-05
"2020/07/01","AT",8858775,107,0,17873,705,51376.8115942029,72.4637681159365,289.855072463768,797.10144927536,0.00201754757288677,7.95821092645428e-05,0.00579953905525345,8.17988583251483e-06,3.27195433300618e-05,8.99787441576697e-05
"2020/07/02","AT",8858775,68,0,17941,705,51449.2753623188,72.4637681159438,362.318840579712,724.637681159417,0.002025223577752,7.95821092645428e-05,0.00580771894108597,8.17988583251565e-06,4.08994291625775e-05,8.17988583251541e-05
"2020/07/03","AT",8858775,109,0,18050,705,51521.7391304348,72.4637681159438,434.782608695656,652.17391304348,0.00203752776202127,7.95821092645428e-05,0.00581589882691848,8.17988583251565e-06,4.90793149950931e-05,7.36189724926392e-05
"2020/07/04","AT",8858775,115,0,18165,705,51521.7391304348,0,362.318840579712,579.710144927536,0.00205050924083747,7.95821092645428e-05,0.00581589882691848,0,4.08994291625775e-05,6.54390866601236e-05
"2020/07/05","AT",8858775,115,1,18280,706,51521.7391304348,0,362.318840579712,434.782608695656,0.00206349071965368,7.96949916890315e-05,0.00581589882691848,0,4.08994291625775e-05,4.90793149950931e-05
"2020/07/06","AT",8858775,85,0,18365,706,51521.7391304348,0,362.318840579712,434.782608695656,0.00207308572573522,7.96949916890315e-05,0.00581589882691848,0,4.08994291625775e-05,4.90793149950931e-05
"2020/07/07","AT",8858775,56,0,18421,706,51521.7391304348,0,362.318840579712,434.782608695656,0.00207940714150659,7.96949916890315e-05,0.00581589882691848,0,4.08994291625775e-05,4.90793149950931e-05
"2020/07/08","AT",8858775,92,0,18513,706,51521.7391304348,0,362.318840579712,434.782608695656,0.00208979232455955,7.96949916890315e-05,0.00581589882691848,0,4.08994291625775e-05,4.90793149950931e-05
"2020/07/09","AT",8858775,102,0,18615,706,51594.2028985507,72.4637681159438,434.782608695656,507.2463768116,0.0021013063318574,7.96949916890315e-05,0.005824078712751,8.17988583251565e-06,4.90793149950931e-05,5.72592008276087e-05
"2020/07/10","AT",8858775,94,0,18709,706,51594.2028985507,0,434.782608695656,434.782608695656,0.00211191727975933,7.96949916890315e-05,0.005824078712751,0,4.90793149950931e-05,4.90793149950931e-05
"2020/07/11","AT",8858775,74,0,18783,706,51594.2028985507,0,289.855072463768,434.782608695656,0.0021202705791715,7.96949916890315e-05,0.005824078712751,0,3.27195433300618e-05,4.90793149950931e-05
"2020/07/12","AT",8858775,114,2,18897,708,51666.6666666667,72.4637681159365,362.318840579705,507.246376811592,0.00213313917556321,7.99207565380089e-05,0.00583225859858351,8.17988583251483e-06,4.08994291625766e-05,5.72592008276079e-05
"2020/07/13","AT",8858775,51,0,18948,708,51666.6666666667,0,289.855072463768,507.246376811592,0.00213889617921214,7.99207565380089e-05,0.00583225859858351,0,3.27195433300618e-05,5.72592008276079e-05
"2020/07/14","AT",8858775,73,1,19021,709,51739.1304347826,72.4637681159438,289.855072463768,579.710144927536,0.00214713659619981,8.00336389624976e-05,0.00584043848441603,8.17988583251565e-06,3.27195433300618e-05,6.54390866601236e-05
"2020/07/15","AT",8858775,133,1,19154,710,51739.1304347826,0,217.391304347824,579.710144927536,0.00216214995865681,8.01465213869863e-05,0.00584043848441603,0,2.45396574975462e-05,6.54390866601236e-05
"2020/07/16","AT",8858775,116,1,19270,711,51956.5217391304,217.391304347824,434.782608695649,797.10144927536,0.0021752443198975,8.02594038114751e-05,0.00586497814191358,2.45396574975461e-05,4.90793149950923e-05,8.99787441576697e-05
"2020/07/17","AT",8858775,169,0,19439,711,52101.4492753623,144.927536231888,579.710144927536,797.10144927536,0.0021943214496361,8.02594038114751e-05,0.00588133791357861,1.63597716650313e-05,6.54390866601236e-05,8.99787441576697e-05
"2020/07/18","AT",8858775,134,0,19573,711,52101.4492753623,0,579.710144927536,797.10144927536,0.00220944769451758,8.02594038114751e-05,0.00588133791357861,0,6.54390866601236e-05,8.99787441576697e-05
"2020/07/19","AT",8858775,82,0,19655,711,52101.4492753623,0,579.710144927536,724.637681159424,0.00221870405332566,8.02594038114751e-05,0.00588133791357861,0,6.54390866601236e-05,8.17988583251549e-05
"2020/07/20","AT",8858775,88,0,19743,711,52101.4492753623,0,579.710144927536,652.17391304348,0.00222863770668066,8.02594038114751e-05,0.00588133791357861,0,6.54390866601236e-05,7.36189724926392e-05
"2020/07/21","AT",8858775,84,0,19827,711,52101.4492753623,0,507.246376811592,579.710144927536,0.00223811983033772,8.02594038114751e-05,0.00588133791357861,0,5.72592008276079e-05,6.54390866601236e-05
"2020/07/22","AT",8858775,102,1,19929,712,52173.9130434783,72.4637681159438,579.710144927536,652.17391304348,0.00224963383763556,8.03722862359638e-05,0.00588951779941112,8.17988583251565e-06,6.54390866601236e-05,7.36189724926392e-05
"2020/07/23","AT",8858775,170,0,20099,712,52173.9130434783,0,579.710144927536,652.17391304348,0.00226882384979865,8.03722862359638e-05,0.00588951779941112,0,6.54390866601236e-05,7.36189724926392e-05
"2020/07/24","AT",8858775,115,0,20214,712,52173.9130434783,0,507.2463768116,652.17391304348,0.00228180532861485,8.03722862359638e-05,0.00588951779941112,0,5.72592008276087e-05,7.36189724926392e-05
"2020/07/25","AT",8858775,124,1,20338,713,52246.3768115942,72.4637681159365,579.710144927536,724.637681159417,0.00229580274925145,8.04851686604525e-05,0.00589769768524364,8.17988583251483e-06,6.54390866601236e-05,8.17988583251541e-05
"2020/07/26","AT",8858775,134,0,20472,713,52318.8405797101,72.4637681159438,579.710144927536,797.10144927536,0.00231092899413294,8.04851686604525e-05,0.00590587757107615,8.17988583251565e-06,6.54390866601236e-05,8.99787441576697e-05
"2020/07/27","AT",8858775,86,1,20558,714,52318.8405797101,0,579.710144927536,724.637681159417,0.00232063688263897,8.05980510849412e-05,0.00590587757107615,0,6.54390866601236e-05,8.17988583251541e-05
"2020/07/28","AT",8858775,119,0,20677,714,52463.768115942,144.927536231888,507.2463768116,869.565217391304,0.00233406989115312,8.05980510849412e-05,0.00592223734274118,1.63597716650313e-05,5.72592008276087e-05,9.81586299901853e-05
"2020/07/29","AT",8858775,173,3,20850,717,52463.768115942,0,362.318840579712,869.565217391304,0.00235359855058967,8.09366983584073e-05,0.00592223734274118,0,4.08994291625775e-05,9.81586299901853e-05
"2020/07/30","AT",8858775,105,2,20955,719,52536.231884058,72.4637681159365,434.782608695649,869.565217391304,0.00236545120516098,8.11624632073848e-05,0.0059304172285737,8.17988583251483e-06,4.90793149950923e-05,9.81586299901853e-05
"2020/07/31","AT",8858775,175,0,21130,719,52608.6956521739,72.4637681159438,507.246376811592,942.028985507248,0.00238520562944651,8.11624632073848e-05,0.00593859711440621,8.17988583251565e-06,5.72592008276079e-05,0.000106338515822701
"2020/08/01","AT",8858775,82,0,21212,719,52608.6956521739,0,507.246376811592,869.565217391304,0.00239446198825458,8.11624632073848e-05,0.00593859711440621,0,5.72592008276079e-05,9.81586299901853e-05
"2020/08/02","AT",8858775,92,0,21304,719,52826.0869565217,217.391304347831,724.637681159424,1086.95652173914,0.00240484717130755,8.11624632073848e-05,0.00596313677190376,2.45396574975469e-05,8.17988583251549e-05,0.000122698287487732
"2020/08/03","AT",8858775,81,0,21385,719,52826.0869565217,0,652.17391304348,869.565217391312,0.00241399064769113,8.11624632073848e-05,0.00596313677190376,0,7.36189724926392e-05,9.81586299901862e-05
"2020/08/04","AT",8858775,96,1,21481,720,52898.5507246377,72.4637681159365,724.637681159417,797.10144927536,0.00242482736044205,8.12753456318735e-05,0.00597131665773628,8.17988583251483e-06,8.17988583251541e-05,8.99787441576697e-05
"2020/08/05","AT",8858775,85,0,21566,720,52898.5507246377,0,724.637681159417,797.10144927536,0.00243442236652359,8.12753456318735e-05,0.00597131665773628,0,8.17988583251541e-05,8.99787441576697e-05
"2020/08/06","AT",8858775,130,0,21696,720,52898.5507246377,0,652.17391304348,797.10144927536,0.00244909708170712,8.12753456318735e-05,0.00597131665773628,0,7.36189724926392e-05,8.99787441576697e-05
"2020/08/07","AT",8858775,141,1,21837,721,52898.5507246377,0,579.710144927536,797.10144927536,0.00246501350356003,8.13882280563622e-05,0.00597131665773628,0,6.54390866601236e-05,8.99787441576697e-05
"2020/08/08","AT",8858775,82,1,21919,722,52971.0144927536,72.4637681159438,652.17391304348,869.565217391304,0.0024742698623681,8.15011104808509e-05,0.00597949654356879,8.17988583251565e-06,7.36189724926392e-05,9.81586299901853e-05
"2020/08/09","AT",8858775,114,0,22033,722,53115.9420289855,144.927536231888,652.17391304348,942.028985507248,0.00248713845875982,8.15011104808509e-05,0.00599585631523382,1.63597716650313e-05,7.36189724926392e-05,0.000106338515822701
"2020/08/10","AT",8858775,73,2,22106,724,53115.9420289855,0,652.17391304348,942.028985507248,0.00249537887574749,8.17268753298283e-05,0.00599585631523382,0,7.36189724926392e-05,0.000106338515822701
"2020/08/11","AT",8858775,139,0,22245,724,53188.4057971014,72.4637681159365,652.17391304348,1014.49275362318,0.00251106953275142,8.17268753298283e-05,0.00600403620106634,8.17988583251483e-06,7.36189724926392e-05,0.000114518401655216
"2020/08/12","AT",8858775,194,1,22439,725,53188.4057971014,0,579.710144927536,942.028985507248,0.00253296872310223,8.1839757754317e-05,0.00600403620106634,0,6.54390866601236e-05,0.000106338515822701
"2020/08/13","AT",8858775,155,1,22594,726,53188.4057971014,0,579.710144927536,869.565217391304,0.00255046549889799,8.19526401788058e-05,0.00600403620106634,0,6.54390866601236e-05,9.81586299901853e-05
"2020/08/14","AT",8858775,282,0,22876,726,53188.4057971014,0,362.318840579705,869.565217391304,0.0025822983426038,8.19526401788058e-05,0.00600403620106634,0,4.08994291625766e-05,9.81586299901853e-05
"2020/08/15","AT",8858775,303,3,23179,729,53188.4057971014,0,362.318840579705,724.637681159417,0.00261650171722388,8.22912874522719e-05,0.00600403620106634,0,4.08994291625766e-05,8.17988583251541e-05
"2020/08/16","AT",8858775,191,0,23370,729,53188.4057971014,0,289.855072463768,724.637681159417,0.00263806226030123,8.22912874522719e-05,0.00600403620106634,0,3.27195433300618e-05,8.17988583251541e-05
"2020/08/17","AT",8858775,164,1,23534,730,53188.4057971014,0,289.855072463768,652.17391304348,0.00265657497791738,8.24041698767606e-05,0.00600403620106634,0,3.27195433300618e-05,7.36189724926392e-05
"2020/08/18","AT",8858775,295,0,23829,730,53188.4057971014,0,289.855072463768,579.710144927536,0.00268987529314155,8.24041698767606e-05,0.00600403620106634,0,3.27195433300618e-05,6.54390866601236e-05
"2020/08/19","AT",8858775,255,0,24084,730,53260.8695652174,72.4637681159438,362.318840579712,652.17391304348,0.00271866031138617,8.24041698767606e-05,0.00601221608689885,8.17988583251565e-06,4.08994291625775e-05,7.36189724926392e-05
"2020/08/20","AT",8858775,347,0,24431,730,53260.8695652174,0,289.855072463768,434.782608695649,0.00275783051268375,8.24041698767606e-05,0.00601221608689885,0,3.27195433300618e-05,4.90793149950923e-05
"2020/08/21","AT",8858775,331,1,24762,731,53333.3333333333,72.4637681159438,217.391304347824,507.246376811592,0.00279519459518952,8.25170523012493e-05,0.00602039597273137,8.17988583251565e-06,2.45396574975462e-05,5.72592008276079e-05
"2020/08/22","AT",8858775,300,2,25062,733,53333.3333333333,0,217.391304347824,434.782608695656,0.00282905932253613,8.27428171502268e-05,0.00602039597273137,0,2.45396574975462e-05,4.90793149950931e-05
"2020/08/23","AT",8858775,191,0,25253,733,53333.3333333333,0,144.927536231888,434.782608695656,0.00285061986561347,8.27428171502268e-05,0.00602039597273137,0,1.63597716650313e-05,4.90793149950931e-05
"2020/08/24","AT",8858775,242,1,25495,734,53405.7971014493,72.4637681159438,217.391304347832,507.2463768116,0.00287793741233974,8.28556995747155e-05,0.00602857585856389,8.17988583251565e-06,2.4539657497547e-05,5.72592008276087e-05
"2020/08/25","AT",8858775,211,0,25706,734,54130.4347826087,724.637681159416,942.028985507248,1231.88405797102,0.00290175560390686,8.28556995747155e-05,0.00611037471688904,8.1798858325154e-05,0.000106338515822701,0.000139058059152763
"2020/08/26","AT",8858775,327,0,26033,734,54202.8985507246,72.4637681159438,1014.49275362319,1231.88405797102,0.00293866815671467,8.28556995747155e-05,0.00611855460272155,8.17988583251565e-06,0.000114518401655217,0.000139058059152763
"2020/08/27","AT",8858775,328,0,26361,734,54202.8985507246,0,1014.49275362319,1086.95652173913,0.00297569359194697,8.28556995747155e-05,0.00611855460272155,0,0.000114518401655217,0.000122698287487731
"2020/08/28","AT",8858775,229,0,26590,734,54275.3623188406,72.4637681159438,1086.95652173914,1159.42028985507,0.00300154366715488,8.28556995747155e-05,0.00612673448855407,8.17988583251565e-06,0.000122698287487732,0.000130878173320247
"2020/08/29","AT",8858775,395,0,26985,734,54420.2898550725,144.92753623188,1231.88405797102,1231.88405797102,0.00304613222482792,8.28556995747155e-05,0.0061430942602191,1.63597716650305e-05,0.000139058059152763,0.000139058059152763
"2020/08/30","AT",8858775,181,0,27166,734,54710.1449275362,289.855072463768,1521.73913043478,1521.73913043478,0.00306656394366038,8.28556995747155e-05,0.00617581380354916,3.27195433300618e-05,0.000171777602482825,0.000171777602482825
"2020/08/31","AT",8858775,272,0,27438,734,54855.0724637681,144.927536231888,1594.20289855073,1666.66666666667,0.00309726796312131,8.28556995747155e-05,0.00619217357521419,1.63597716650313e-05,0.00017995748831534,0.000188137374147856
"2020/09/01","AT",8858775,204,1,27642,735,54927.5362318841,72.4637681159365,1666.66666666666,1739.13043478261,0.00312029597771701,8.29685819992042e-05,0.00620035346104671,8.17988583251483e-06,0.000188137374147855,0.000196317259980371
"2020/09/02","AT",8858775,327,0,27969,735,54927.5362318841,0,1594.20289855072,1739.13043478261,0.00315720853052482,8.29685819992042e-05,0.00620035346104671,0,0.000179957488315339,0.000196317259980371
"2020/09/03","AT",8858775,403,1,28372,736,55000,72.4637681159438,1666.66666666666,1811.59420289855,0.00320270014759377,8.30814644236929e-05,0.00620853334687922,8.17988583251565e-06,0.000188137374147855,0.000204497145812886
"2020/09/04","AT",8858775,357,0,28729,736,55000,0,1666.66666666666,1811.59420289855,0.00324299917313624,8.30814644236929e-05,0.00620853334687922,0,0.000188137374147855,0.000204497145812886
"2020/09/05","AT",8858775,358,0,29087,736,55362.3188405797,362.318840579712,1956.52173913043,2173.91304347826,0.0032834110811032,8.30814644236929e-05,0.0062494327760418,4.08994291625774e-05,0.000220856917477917,0.000245396574975464
"2020/09/06","AT",8858775,184,1,29271,737,55507.2463768116,144.92753623188,1376.8115942029,2246.3768115942,0.00330418144720912,8.31943468481816e-05,0.00626579254770683,1.63597716650305e-05,0.000155417830817793,0.000253576460807979
"2020/09/07","AT",8858775,290,10,29561,747,55579.7101449275,72.4637681159438,1376.8115942029,2318.84057971014,0.00333691735031085,8.43231710930687e-05,0.00627397243353935,8.17988583251565e-06,0.000155417830817793,0.000261756346640494
"2020/09/08","AT",8858775,520,1,30081,748,55652.1739130435,72.4637681159438,1449.27536231884,2318.84057971014,0.00339561621104498,8.44360535175575e-05,0.00628215231937186,8.17988583251565e-06,0.000163597716650309,0.000261756346640494
"2020/09/09","AT",8858775,502,0,30583,748,55942.0289855072,289.855072463768,1666.66666666666,2608.69565217391,0.00345228318813831,8.44360535175575e-05,0.00631487186270193,3.27195433300618e-05,0.000188137374147855,0.000294475889970556
"2020/09/10","AT",8858775,664,1,31247,749,56376.8115942029,434.782608695648,1956.52173913043,3043.47826086956,0.00352723711799882,8.45489359420462e-05,0.00636395117769702,4.90793149950923e-05,0.000220856917477917,0.000343555204965648
"2020/09/11","AT",8858775,580,2,31827,751,56811.5942028986,434.782608695656,2101.44927536232,3405.79710144927,0.00359270892420227,8.47747007910236e-05,0.00641303049269211,4.90793149950931e-05,0.000237216689142948,0.000384454634128226
"2020/09/12","AT",8858775,869,4,32696,755,57028.9855072464,217.391304347824,2173.91304347826,2898.55072463768,0.00369080375108297,8.52262304889784e-05,0.00643757015018966,2.45396574975461e-05,0.000245396574975463,0.000327195433300618
"2020/09/13","AT",8858775,463,2,33159,757,57101.4492753623,72.4637681159438,2173.91304347826,2898.55072463768,0.00374306831362124,8.54519953379559e-05,0.00644575003602217,8.17988583251565e-06,0.000245396574975464,0.000327195433300618
"2020/09/14","AT",8858775,382,1,33541,758,57101.4492753623,0,2173.91304347826,2898.55072463768,0.00378618939977593,8.55648777624446e-05,0.00644575003602217,0,0.000245396574975464,0.000327195433300618
"2020/09/15","AT",8858775,764,0,34305,758,57318.8405797101,217.391304347824,2318.84057971014,3043.47826086956,0.00387243157208531,8.55648777624446e-05,0.00647028969351972,2.45396574975461e-05,0.000261756346640494,0.000343555204965648
"2020/09/16","AT",8858775,768,1,35073,759,57753.6231884058,434.782608695656,2753.6231884058,3333.33333333334,0.00395912527409264,8.56777601869333e-05,0.00651936900851481,4.90793149950931e-05,0.000310835661635587,0.000376274748295711
"2020/09/17","AT",8858775,780,0,35853,759,57971.0144927536,217.391304347824,2608.69565217391,3260.86956521739,0.00404717356519383,8.56777601869333e-05,0.00654390866601236,2.45396574975461e-05,0.000294475889970556,0.000368094862463195
"2020/09/18","AT",8858775,808,5,36661,764,58188.4057971014,217.391304347824,2681.15942028986,3333.33333333333,0.00413838256418071,8.62421723093769e-05,0.0065684483235099,2.45396574975461e-05,0.000302655775803072,0.00037627474829571
"2020/09/19","AT",8858775,813,2,37474,766,58260.8695652174,72.4637681159438,2681.15942028986,3333.33333333334,0.00423015597529004,8.64679371583543e-05,0.00657662820934242,8.17988583251565e-06,0.000302655775803072,0.000376274748295711
"2020/09/20","AT",8858775,621,1,38095,767,58695.652173913,434.782608695656,3043.47826086957,3768.11594202899,0.00430025596089753,8.6580819582843e-05,0.00662570752433751,4.90793149950931e-05,0.000343555204965649,0.000425354063290804
"2020/09/21","AT",8858775,563,1,38658,768,58985.5072463768,289.855072463768,3043.47826086957,3985.50724637682,0.00436380876588467,8.66937020073317e-05,0.00665842706766757,3.27195433300618e-05,0.000343555204965649,0.00044989372078835
"2020/09/22","AT",8858775,645,4,39303,772,59347.8260869565,362.318840579705,2971.01449275362,4347.82608695652,0.00443661792967989,8.71452317052866e-05,0.00669932649683015,4.08994291625766e-05,0.000335375319133133,0.000490793149950927
"2020/09/23","AT",8858775,681,6,39984,778,59637.6811594203,289.855072463768,2826.08695652174,4275.36231884058,0.00451349086075671,8.78225262522188e-05,0.00673204604016021,3.27195433300618e-05,0.000319015547468102,0.000482613264118411
"2020/09/24","AT",8858775,832,6,40816,784,60217.3913043478,579.710144927536,3188.40579710145,4710.14492753623,0.00460740903793132,8.84998207991511e-05,0.00679748512682034,6.54390866601236e-05,0.00035991497663068,0.000531692579113504
"2020/09/25","AT",8858775,684,3,41500,787,60797.1014492754,579.710144927536,3695.65217391304,5217.39130434782,0.0046846206162816,8.88384680726173e-05,0.00686292421348046,6.54390866601236e-05,0.000417174177458287,0.000588951779941112
"2020/09/26","AT",8858775,714,1,42214,788,61086.9565217391,289.855072463768,3985.50724637681,5434.78260869565,0.00476521866736654,8.8951350497106e-05,0.00689564375681052,3.27195433300618e-05,0.000449893720788349,0.000613491437438658
"2020/09/27","AT",8858775,662,0,42876,788,61811.5942028986,724.637681159424,4492.75362318841,5869.5652173913,0.00483994683237807,8.8951350497106e-05,0.00697744261513568,8.17988583251549e-05,0.000507152921615958,0.000662570752433751
"2020/09/28","AT",8858775,556,3,43432,791,61811.5942028986,0,4057.97101449275,5434.78260869566,0.00490270946039379,8.92899977705721e-05,0.00697744261513568,0,0.000458073606620865,0.000613491437438659
"2020/09/29","AT",8858775,609,6,44041,797,62101.4492753623,289.855072463768,4130.4347826087,5289.85507246377,0.00497145485690742,8.99672923175044e-05,0.00701016215846574,3.27195433300618e-05,0.000466253492453381,0.000597131665773628
"2020/09/30","AT",8858775,772,3,44813,800,62536.231884058,434.782608695656,4347.82608695653,5507.2463768116,0.0050586000886127,9.03059395909705e-05,0.00705924147346083,4.90793149950931e-05,0.000490793149950927,0.000621671323271175
"2020/10/01","AT",8858775,873,3,45686,803,63333.3333333333,797.10144927536,5072.46376811594,6231.88405797102,0.00515714644519135,9.06445868644367e-05,0.0071492202176185,8.99787441576697e-05,0.000572592008276081,0.000703470181596329
"2020/10/02","AT",8858775,688,1,46374,804,63695.652173913,362.318840579712,5000,6594.20289855073,0.00523480955323958,9.07574692889254e-05,0.00719011964678108,4.08994291625774e-05,0.000564412122443566,0.000744369610758906
"2020/10/03","AT",8858775,1058,6,47432,810,64057.9710144928,362.318840579705,5072.46376811594,6739.13043478261,0.00535423915834864,9.14347638358577e-05,0.00723101907594365,4.08994291625766e-05,0.000572592008276081,0.000760729382423937
"2020/10/04","AT",8858775,714,4,48146,814,64565.2173913044,507.246376811599,5217.39130434783,6811.59420289855,0.00543483720943358,9.18862935338125e-05,0.00728827827677126,5.72592008276087e-05,0.000588951779941113,0.000768909268256452
"2020/10/05","AT",8858775,750,5,48896,819,64855.0724637681,289.855072463768,5217.39130434783,6884.0579710145,0.00551949902780012,9.24507056562561e-05,0.00732099782010133,3.27195433300618e-05,0.000588951779941113,0.000777089154088968
"2020/10/06","AT",8858775,923,4,49819,823,65652.1739130435,797.101449275353,5434.78260869565,7463.76811594202,0.0056236895056032,9.29022353542109e-05,0.00741097656425899,8.99787441576689e-05,0.000613491437438658,0.000842528240749091
"2020/10/07","AT",8858775,1029,8,50848,831,66376.8115942029,724.637681159424,5579.71014492754,8115.9420289855,0.00573984552040209,9.38052947501206e-05,0.00749277542258415,8.17988583251549e-05,0.000629851209103689,0.00091614721324173
"2020/10/08","AT",8858775,1209,8,52057,839,67173.9130434783,797.10144927536,6086.95652173913,8478.26086956521,0.00587632037160894,9.47083541460303e-05,0.00758275416674182,8.99787441576697e-05,0.000687110409931297,0.000957046642404306
"2020/10/09","AT",8858775,1131,4,53188,843,68333.3333333333,1159.42028985507,6521.73913043478,9347.82608695651,0.00600399039370568,9.51598838439852e-05,0.00771363234006207,0.000130878173320247,0.00073618972492639,0.00105520527239449
"2020/10/10","AT",8858775,1235,10,54423,853,69275.3623188406,942.028985507248,7463.76811594202,9927.53623188406,0.00614340018794924,9.62887080888723e-05,0.00781997085588477,0.000106338515822701,0.000842528240749091,0.00112064435905462
"2020/10/11","AT",8858775,896,0,55319,853,70072.4637681159,797.10144927536,7971.01449275362,10434.7826086956,0.00624454284029112,9.62887080888723e-05,0.00790994960004244,8.99787441576697e-05,0.000899787441576698,0.00117790355988222
"2020/10/12","AT",8858775,979,4,56298,857,71086.9565217391,1014.4927536232,8550.72463768116,10869.5652173913,0.00635505473386557,9.67402377868272e-05,0.00802446800169765,0.000114518401655217,0.000965226528236823,0.00122698287487732
"2020/10/13","AT",8858775,1028,6,57326,863,72028.9855072464,942.028985507248,8695.65217391305,11231.884057971,0.00647109786623997,9.74175323337595e-05,0.00813080651752036,0.000106338515822701,0.000981586299901854,0.0012678823040399
"2020/10/14","AT",8858775,1346,11,58672,874,72971.0144927536,942.028985507248,9275.36231884058,11884.0579710145,0.00662303760960178,9.86592390031353e-05,0.00823714503334306,0.000106338515822701,0.00104702538656198,0.00134150127653253
"2020/10/15","AT",8858775,1552,5,60224,879,74565.2173913044,1594.20289855072,10507.2463768116,12753.6231884058,0.00679823113240826,9.92236511255789e-05,0.00841710252165839,0.000179957488315339,0.00118608344571474,0.00143965990652272
"2020/10/16","AT",8858775,1163,5,61387,884,76666.6666666667,2101.44927536232,12101.4492753623,14855.0724637681,0.00692951339208863,9.97880632480224e-05,0.00865431921080134,0.000237216689142948,0.00136604093403008,0.00167687659566567
"2020/10/17","AT",8858775,1747,7,63134,891,78550.7246376812,1884.0579710145,13695.652173913,16449.2753623188,0.00712671898767042,0.000100578240219443,0.00886699624244675,0.000212677031645402,0.00154599842234542,0.00185683408398101
"2020/10/18","AT",8858775,1672,4,64806,895,80507.2463768116,1956.52173913043,14855.0724637681,17971.0144927536,0.00731545840141555,0.000101029769917398,0.00908785315992466,0.000220856917477917,0.00167687659566567,0.00202861168646383
"2020/10/19","AT",8858775,1121,11,65927,906,82028.9855072464,1521.73913043478,15652.1739130435,18695.652173913,0.00744199959926739,0.000102271476586774,0.00925963076240749,0.000171777602482825,0.00176685533982334,0.00211041054478899
"2020/10/20","AT",8858775,1524,10,67451,916,84130.4347826087,2101.44927536232,16956.5217391304,20434.7826086957,0.00761403241418819,0.000103400300831661,0.00949684745155044,0.000237216689142948,0.00191409328480862,0.00230672780476936
"2020/10/21","AT",8858775,1958,11,69409,927,86521.7391304348,2391.30434782608,18188.4057971015,22463.768115942,0.00783505620133709,0.000104642007501037,0.00976678368402344,0.000269936232473009,0.00205315134396138,0.00253576460807979
"2020/10/22","AT",8858775,2435,16,71844,943,89057.9710144928,2536.23188405797,19782.6086956522,24492.7536231884,0.00810992490496711,0.000106448126292857,0.0100530796881615,0.00028629600413804,0.00223310883227672,0.00276480141139022
"2020/10/23","AT",8858775,2571,13,74415,956,92028.9855072464,2971.01449275363,21956.5217391304,27173.9130434783,0.00840014561832759,0.00010791559781121,0.0103884550072946,0.000335375319133134,0.00247850540725218,0.00306745718719329
"2020/10/24","AT",8858775,3614,11,78029,967,97246.3768115942,5217.39130434782,26159.4202898551,31594.2028985507,0.0088081027004298,0.000109157304480586,0.0109774067872357,0.000588951779941112,0.00295293878553808,0.00356643022297674
"2020/10/25","AT",8858775,2782,14,80811,981,99927.5362318841,2681.15942028986,27898.5507246377,33550.7246376812,0.0091221416053574,0.000110737658423428,0.0112800625630388,0.000302655775803072,0.00314925604551845,0.00378728714045465
"2020/10/26","AT",8858775,2456,13,83267,994,102391.304347826,2463.76811594203,29420.2898550725,35217.3913043478,0.00939938083990168,0.000112205129941781,0.0115581786813443,0.000278116118305525,0.00332103364800127,0.00397542451460251
"2020/10/27","AT",8858775,2835,13,86102,1007,105507.246376812,3115.9420289855,30942.0289855072,37173.9130434783,0.00971940251332718,0.000113672601460134,0.0119099137721425,0.000351735090798164,0.0034928112504841,0.00419628143208043
"2020/10/28","AT",8858775,3394,22,89496,1029,108768.115942029,3260.86956521739,32101.4492753623,39492.7536231884,0.0101025254620419,0.000116156014798886,0.0122780086346057,0.000368094862463195,0.00362368942380434,0.00445803777872092
"2020/10/29","AT",8858775,4453,29,93949,1058,113478.260869565,4710.14492753622,34927.536231884,43405.7971014493,0.0106051908982901,0.000119429605109059,0.0128097012137192,0.000531692579113503,0.00394270497127244,0.00489975161367675
"2020/10/30","AT",8858775,5627,26,99576,1084,116666.666666667,3188.40579710146,36159.4202898551,45579.7101449275,0.0112403803008881,0.000122364548145765,0.0131696161903499,0.00035991497663068,0.00408176303042521,0.00514514818865222
"2020/10/31","AT",8858775,5349,27,104925,1111,120507.246376812,3840.57971014493,38478.2608695652,48478.2608695652,0.0118441883894782,0.00012541237360696,0.0136031501394732,0.000433533949123319,0.0043435193770657,0.00547234362195283
"2020/11/01","AT",8858775,4956,21,109881,1132,126666.666666667,6159.42028985507,42536.231884058,53695.652173913,0.0124036336852443,0.000127782904521223,0.014298440435237,0.000695290295763813,0.00480159298368657,0.00606129540189395
"2020/11/02","AT",8858775,4135,29,114016,1161,132681.15942029,6014.49275362318,46159.4202898551,58115.9420289855,0.0128704025105051,0.000131056494831396,0.0149773709593358,0.000678930524098782,0.00521058727531234,0.00656026843767739
"2020/11/03","AT",8858775,4182,33,118198,1194,136884.057971014,4202.89855072464,47826.0869565217,60217.3913043478,0.0133424768097169,0.000134781614839524,0.0154518043376217,0.000474433378285896,0.0053987246494602,0.00679748512682034
"2020/11/04","AT",8858775,6901,35,125099,1229,141086.956521739,4202.89855072464,49057.9710144928,62536.231884058,0.0141214784211135,0.000138732499696628,0.0159262377159076,0.000474433378285896,0.00553778270861296,0.00705924147346083
"2020/11/05","AT",8858775,7416,41,132515,1270,148985.507246377,7898.55072463767,51739.1304347826,68478.2608695652,0.0149586144811218,0.000143360679100666,0.0168178452716518,0.000891607555744182,0.00584043848441603,0.0077299921117271
"2020/11/06","AT",8858775,6464,72,138979,1342,153478.260869565,4492.75362318842,53550.7246376812,71449.2753623188,0.0156882864730169,0.000151488213663853,0.0173249981932677,0.000507152921615959,0.00604493563022891,0.00806536743086023
"2020/11/07","AT",8858775,8241,37,147220,1379,161304.347826087,7826.08695652173,58913.0434782608,77173.9130434782,0.0166185505332284,0.000155664863369935,0.0182084258631794,0.000883427669911667,0.00665024718183506,0.00871157841162895
"2020/11/08","AT",8858775,5933,34,153153,1413,168840.579710145,7536.23188405798,63333.3333333333,82318.8405797101,0.0172882819577199,0.000159502865802552,0.019059133989761,0.000850708126581608,0.0071492202176185,0.00929235030573755
"2020/11/09","AT",8858775,5593,43,158746,1456,173188.405797101,4347.82608695651,64420.2898550724,84130.4347826087,0.0179196333578853,0.000164356810055566,0.0195499271397119,0.000490793149950926,0.00727191850510623,0.00949684745155043
"2020/11/10","AT",8858775,6120,45,164866,1501,178333.333333333,5144.9275362319,64855.0724637681,86304.347826087,0.0186104737957562,0.000169436519157558,0.0201306990338205,0.000580771894108599,0.00732099782010133,0.0097422440265259
"2020/11/11","AT",8858775,7514,65,172380,1566,186884.057971014,8550.72463768115,70217.3913043478,89637.6811594203,0.0194586723333644,0.000176773876749325,0.0210959255620573,0.000965226528236822,0.00792630937170747,0.0101185187748216
"2020/11/12","AT",8858775,9262,44,181642,1610,193405.797101449,6521.73913043478,72898.5507246377,93478.2608695652,0.0205041893489788,0.000181740703426828,0.0218321152869837,0.00073618972492639,0.00822896514751054,0.0105520527239449
"2020/11/13","AT",8858775,9586,53,191228,1663,201086.956521739,7681.15942028986,74420.2898550725,98695.652173913,0.0215862802701276,0.00018772347192473,0.0226991831852304,0.000867067898246637,0.00840074274999336,0.011141004503886
"2020/11/14","AT",8858775,7063,85,198291,1748,209275.362318841,8188.40579710144,76594.2028985507,103768.115942029,0.0223835688342914,0.000197318478006271,0.0236235102843046,0.000924327099074245,0.00864613932496883,0.0117135965121621
"2020/11/15","AT",8858775,5665,83,203956,1831,218840.579710145,9565.21739130435,81956.5217391304,110072.463768116,0.02302304776902,0.000206687719238834,0.0247032552141967,0.00107974492989204,0.00925145087657497,0.012425246579591
"2020/11/16","AT",8858775,4657,58,208613,1889,225144.927536232,6304.34782608697,84057.9710144928,111666.666666667,0.0235487412198639,0.000213234899859179,0.0254149052816255,0.000711650067428846,0.00948866756571792,0.0126052040679063
"2020/11/17","AT",8858775,5984,58,214597,1947,230869.565217391,5724.63768115939,81884.0579710145,114202.898550725,0.0242242296480044,0.000219782080479525,0.0260611162623942,0.000646210980768717,0.00924327099074245,0.0128915000720443
"2020/11/18","AT",8858775,7091,109,221688,2056,241086.956521739,10217.3913043478,87608.6956521739,120579.710144928,0.0250246789200538,0.000232086264748794,0.0272144801647789,0.00115336390238468,0.00988948197151118,0.0136113300253057
"2020/11/19","AT",8858775,6995,62,228683,2118,249855.072463768,8768.11594202899,88550.7246376812,123188.405797101,0.0258142914793524,0.000239084975067094,0.0282042463505133,0.00098976618573437,0.00999582048733388,0.0139058059152763
"2020/11/20","AT",8858775,6668,108,235351,2226,256521.739130435,6666.66666666666,87681.1594202899,123840.579710145,0.0265669914858431,0.000251276276911876,0.0289567958471047,0.00075254949659142,0.00989766185734369,0.0139794248877689
"2020/11/21","AT",8858775,6611,104,241962,2330,264710.144927536,8188.40579710147,91521.7391304348,127826.086956522,0.027313257194138,0.000263016049058702,0.0298811229461789,0.000924327099074248,0.010331195806467,0.0144293186085573
"2020/11/22","AT",8858775,5226,60,247188,2390,272391.304347826,7681.15942028986,94057.9710144928,131304.347826087,0.027903180744516,0.000269788994528024,0.0307481908444256,0.000867067898246637,0.0106174918106051,0.014821953128518
"2020/11/23","AT",8858775,3145,71,250333,2461,278405.797101449,6014.49275362317,91521.7391304348,129420.289855072,0.028258195969533,0.000277803646666723,0.0314271213685243,0.00067893052409878,0.010331195806467,0.0146092760968726
"2020/11/24","AT",8858775,4377,118,254710,2579,282536.231884058,4130.4347826087,89130.4347826087,129057.971014493,0.0287522823415201,0.000291123772756391,0.0318933748609777,0.000466253492453381,0.010061259573994,0.01456837666771
"2020/11/25","AT",8858775,5802,90,260512,2669,290144.927536232,7608.69565217389,89057.9710144927,128840.579710145,0.0294072261684036,0.000301283190960375,0.0327522628733918,0.000858888012414119,0.0100530796881615,0.0145438370102125
"2020/11/26","AT",8858775,5526,106,266038,2775,294057.971014493,3913.04347826086,84782.6086956522,125217.391304348,0.0300310144461283,0.000313248727956179,0.0331939767083477,0.000441713834955834,0.00957046642404307,0.0141348427185867
"2020/11/27","AT",8858775,4954,113,270992,2888,301811.594202899,7753.62318840582,82971.0144927536,128623.188405797,0.0305902339770454,0.000326004441923404,0.0340692244924268,0.000875247784079156,0.00936596927823019,0.0145192973527149
"2020/11/28","AT",8858775,4669,132,275661,3020,310942.028985507,9130.4347826087,85797.1014492754,132608.695652174,0.0311172820169832,0.000340904921955914,0.0350998901073238,0.00103066561489695,0.00968498482569829,0.0149691910735033
"2020/11/29","AT",8858775,4047,87,279708,3107,320072.463768116,9130.4347826087,89202.8985507247,133188.405797101,0.031574117188889,0.000350725692886432,0.0361305557222207,0.00103066561489695,0.0100694394598265,0.0150346301601634
"2020/11/30","AT",8858775,2748,79,282456,3186,324275.362318841,4202.89855072461,83188.4057971014,130869.565217391,0.031884318091384,0.00035964340442104,0.0366049891005066,0.000474433378285893,0.00939050893572773,0.0147728738135229
"2020/12/01","AT",8858775,3033,141,285489,3327,328405.797101449,4130.4347826087,78550.7246376812,127318.84057971,0.0322266904848582,0.000375559826273949,0.03707124259296,0.000466253492453381,0.00886699624244674,0.0143720594077296
"2020/12/02","AT",8858775,3972,121,289461,3448,336956.52173913,8550.72463768115,80434.7826086956,127681.15942029,0.0326750594749274,0.000389218599637083,0.0380364691211968,0.000965226528236822,0.00907967327409215,0.0144129588368922
"2020/12/03","AT",8858775,3969,92,293430,3540,345362.31884058,8405.79710144928,80652.1739130435,126521.739130435,0.0331230898177231,0.000399603782690045,0.0389853358777686,0.000948866756571792,0.00910421293158969,0.014282080663572
"2020/12/04","AT",8858775,3815,113,297245,3653,361159.420289855,15797.1014492754,88768.115942029,136014.492753623,0.0335537362671475,0.000412359496657269,0.040768550989257,0.00178321511148837,0.0100203601448314,0.0153536457076315
"2020/12/05","AT",8858775,3444,106,300689,3759,371666.666666667,10507.2463768116,93260.8695652174,140797.101449275,0.0339425033370867,0.000424325033653073,0.0419546344349717,0.00118608344571474,0.0105275130664474,0.0158935181725775
"2020/12/06","AT",8858775,2741,83,303430,3842,377608.695652174,5942.02898550726,95072.463768116,136521.739130435,0.0342519140626102,0.000433694274885636,0.042625385073238,0.000670750638266268,0.0107320102122603,0.0154109049084591
"2020/12/07","AT",8858775,2263,57,305693,3899,387898.550724638,10289.8550724637,97753.6231884058,138043.47826087,0.0345073669892282,0.000440128573081493,0.0437869288614552,0.00116154378821719,0.0110346659880633,0.0155826825109419
"2020/12/08","AT",8858775,2377,105,308070,4004,393985.507246377,6086.95652173914,99927.5362318841,137463.768115942,0.0347756885122379,0.000451981227652808,0.0444740392713865,0.000687110409931298,0.0112800625630388,0.0155172434242818
"2020/12/09","AT",8858775,2932,54,311002,4058,401594.202898551,7608.69565217389,99782.6086956522,136884.057971014,0.0351066597808388,0.000458076878575198,0.0453329272838006,0.000858888012414119,0.0112637027913738,0.0154518043376217
"2020/12/10","AT",8858775,2686,107,313688,4165,409855.072463768,8260.86956521741,98913.0434782609,137463.768115942,0.0354098619730155,0.00047015529799549,0.0462654342687074,0.000932506984906763,0.0111655441613836,0.0155172434242818
"2020/12/11","AT",8858775,2893,126,316581,4291,416449.275362319,6594.20289855072,96376.8115942029,138043.47826087,0.0357364308270613,0.000484378483481068,0.0470098038794663,0.000744369610758905,0.0108792481572455,0.0155826825109419
"2020/12/12","AT",8858775,3241,126,319822,4417,419202.898550725,2753.62318840582,94927.5362318841,136666.666666667,0.0361022827648292,0.000498601668966646,0.0473206395411019,0.00031083566163559,0.0107156504405952,0.0154272646801241
"2020/12/13","AT",8858775,2641,58,322463,4475,423550.724637681,4347.82608695648,95144.9275362319,133405.797101449,0.0364004052479039,0.000505148849586991,0.0478114326910528,0.000490793149950923,0.0107401900980928,0.0150591698176609
"2020/12/14","AT",8858775,2588,57,325051,4532,426304.347826087,2753.62318840582,89347.8260869565,132246.376811594,0.0366925449624807,0.000511583147782848,0.0481222683526884,0.00031083566163559,0.0100857992314915,0.0149282916443407
"2020/12/15","AT",8858775,2628,118,327679,4650,429927.536231884,3623.18840579712,84565.2173913044,128115.942028986,0.036989199974037,0.000524903273872516,0.0485312626443141,0.000408994291625774,0.00954592676654553,0.0144620381518873
"2020/12/16","AT",8858775,2664,116,330343,4766,439202.898550725,9275.36231884058,78043.4782608696,128260.869565217,0.037289918752875,0.000537997635113207,0.0495782880308761,0.00104702538656198,0.00880973704161914,0.0144783979235523
"2020/12/17","AT",8858775,2485,218,332828,4984,445724.637681159,6521.73913043475,74057.9710144927,125652.173913043,0.0375704315777294,0.000562606003651746,0.0503144777558025,0.000736189724926387,0.00835984332083078,0.0141839220335818
"2020/12/18","AT",8858775,2085,145,334913,5129,451014.492753623,5289.85507246375,73405.7971014492,126739.130434783,0.0378057914327884,0.00057897395520261,0.0509116094215761,0.000597131665773625,0.00828622434833814,0.0143066203210695
"2020/12/19","AT",8858775,2296,82,337209,5211,453840.579710145,2826.08695652179,65942.0289855073,125434.782608696,0.0380649694794145,0.000588230314010684,0.0512306249690443,0.000319015547468108,0.00744369610758906,0.0141593823760842
"2020/12/20","AT",8858775,1645,142,338854,5353,454855.072463768,1014.49275362317,60869.5652173913,117898.550724638,0.0382506610676984,0.000604259618288082,0.0513451433706995,0.000114518401655214,0.00687110409931297,0.0133086742495026
"2020/12/21","AT",8858775,1519,84,340373,5437,458405.797101449,3550.72463768115,56811.5942028986,113043.47826087,0.0384221294704968,0.000613741741945133,0.0517459577764927,0.000400814405793256,0.00641303049269211,0.0127606218987241
"2020/12/22","AT",8858775,1853,105,342226,5542,460797.101449275,2391.30434782611,50942.0289855073,99637.6811594203,0.0386313006030744,0.000625594396516448,0.0520158940089657,0.000269936232473012,0.00575045974025836,0.0112473430197087
"2020/12/23","AT",8858775,2131,114,344357,5656,468043.47826087,7246.37681159418,51594.2028985507,96376.8115942029,0.0388718530496598,0.000638462992908162,0.0528338825922173,0.000817988583251542,0.005824078712751,0.0108792481572455
"2020/12/24","AT",8858775,2847,91,347204,5747,472971.014492754,4927.53623188403,53768.1159420289,95362.3188405797,0.0391932293121792,0.000648735293536635,0.0533901148288283,0.000556232236611048,0.00606947528772646,0.0107647297555903
"2020/12/25","AT",8858775,1851,38,349055,5785,476086.956521739,3115.94202898553,52536.231884058,88188.4057971014,0.0394021746799078,0.000653024825667206,0.0537418499196265,0.000351735090798167,0.0059304172285737,0.0099549210581713
"2020/12/26","AT",8858775,1429,60,350484,5845,481376.811594203,5289.85507246375,55072.4637681159,87391.3043478261,0.0395634836645021,0.000659797771136528,0.0543389815854001,0.000597131665773625,0.00621671323271174,0.00986494231401363
"2020/12/27","AT",8858775,1408,38,351892,5883,484710.144927536,3333.33333333337,54782.6086956522,83115.9420289855,0.0397224221181823,0.0006640873032671,0.0547152563336958,0.000376274748295715,0.00618399368938168,0.00938232904989522
"2020/12/28","AT",8858775,1592,50,353484,5933,487318.84057971,2608.69565217389,48115.9420289855,77463.768115942,0.0399021309379683,0.000669731424491535,0.0550097322236664,0.000294475889970554,0.00543144419279025,0.00874429795495901
"2020/12/29","AT",8858775,1868,128,355352,6061,489057.971014493,1739.13043478259,43333.3333333333,72608.6956521739,0.0401129953069132,0.00068418037482609,0.0552060494836467,0.000196317259980369,0.00489157172784424,0.00819624560418048
"2020/12/30","AT",8858775,2550,90,357902,6151,494275.362318841,5217.39130434784,43260.8695652174,75072.4637681159,0.0404008454893594,0.000694339793030075,0.0557950012635879,0.000588951779941114,0.00488339184201172,0.008474361722486
"2020/12/31","AT",8858775,2913,73,360815,6224,497826.086956522,3550.72463768115,43985.5072463768,74275.3623188406,0.040729671991895,0.000702580210017751,0.0561958156693811,0.000400814405793256,0.00496519070033687,0.00838438297832833
"2021/01/01","AT",8858775,2096,39,362911,6263,501666.666666667,3840.57971014496,46811.5942028986,75362.3188405797,0.0409662735536234,0.000706982624572811,0.0566293496185044,0.000433533949123322,0.00528420624780498,0.00850708126581607
"2021/01/02","AT",8858775,1391,14,364302,6277,506449.275362319,4782.60869565216,48043.4782608696,76521.7391304348,0.0411232930060872,0.000708562978515653,0.0571692220834505,0.000539872464946018,0.00542326430695774,0.00863795943913631
"2021/01/03","AT",8858775,1466,49,365768,6326,511231.884057971,4782.60869565216,50434.7826086956,72028.9855072463,0.0412887786403876,0.0007140942173156,0.0577090945483965,0.000539872464946018,0.00569320053943075,0.00813080651752035
"2021/01/04","AT",8858775,1642,33,367410,6359,513333.333333333,2101.44927536231,45289.8550724637,67608.6956521739,0.0414741315813981,0.000717819337323727,0.0579463112375394,0.000237216689142946,0.00511242864532215,0.00763183348173691
"2021/01/05","AT",8858775,2311,100,369721,6459,516231.884057971,2898.55072463769,43260.8695652174,65217.3913043478,0.0417350028643915,0.000729107579772598,0.05827350667084,0.000327195433300619,0.00488339184201172,0.0073618972492639
"2021/01/06","AT",8858775,2469,68,372190,6527,521811.594202899,5579.71014492755,45724.6376811594,67971.0144927536,0.0420137095704542,0.000736783584637831,0.0589033578799437,0.000629851209103691,0.00516150796031725,0.00767273291089949
"2021/01/07","AT",8858775,2540,43,374730,6570,524565.217391304,2753.62318840576,43188.4057971014,69710.1449275362,0.0423004309286555,0.000741637528890845,0.0592141935415793,0.000310835661635583,0.00487521195617921,0.00786905017087986
"2021/01/08","AT",8858775,2063,73,376793,6643,528260.869565217,3695.65217391308,43550.7246376812,69855.0724637681,0.0425333073703757,0.000749877945878522,0.0596313677190376,0.000417174177458292,0.00491611138534178,0.00788540994254489
"2021/01/09","AT",8858775,2278,46,379071,6689,531304.347826087,3043.47826086951,43985.5072463768,70507.2463768115,0.042790453533361,0.000755070537405002,0.0599749229240033,0.000343555204965642,0.00496519070033687,0.00795902891503752
"2021/01/10","AT",8858775,1651,36,380722,6725,531304.347826087,0,42246.3768115942,63260.8695652173,0.0429768224161919,0.000759134304686596,0.0599749229240033,0,0.0047688734403565,0.00714104033178598
"2021/01/11","AT",8858775,1536,24,382258,6749,534441.261946279,3136.91412019171,40165.899627438,61470.247453525,0.0431502098202065,0.000761843482874325,0.0603290253953034,0.000354102471300119,0.00453402413171551,0.00693891056647505
"2021/01/12","AT",8858775,1575,72,383833,6821,537657.824276553,3216.56233027473,39831.7373200316,61570.8677548142,0.0433279996387762,0.000769971017437513,0.0606921187496638,0.000363093354360476,0.00449630308028273,0.00695026883003736
"2021/01/13","AT",8858775,1917,49,385750,6870,541572.840141402,3915.01586484862,39906.1734747353,60196.0285471991,0.0435443952465211,0.000775502256237459,0.0611340552323997,0.000441936482735889,0.00450470561389529,0.00679507364699962
"2021/01/14","AT",8858775,3510,53,389260,6923,548741.179048871,7168.3389074693,42291.9036865524,64031.034121335,0.0439406125564765,0.000781485024735361,0.0619432347078316,0.000809179475431908,0.00477401262438118,0.00722797837413582
"2021/01/15","AT",8858775,1528,66,390788,6989,551861.755074687,3120.57602581568,40629.8710167159,64542.9144949768,0.0441130969010952,0.000788935264751616,0.0622954928954271,0.000352258187595427,0.00458639834703059,0.00728576067176069
"2021/01/16","AT",8858775,1723,66,392511,7055,555380.572150918,3518.81707623077,42047.2388175844,66322.601136425,0.0443075933184893,0.000796385504767871,0.0626927054983243,0.000397212602897214,0.00474639426078486,0.00748665601467754
"2021/01/17","AT",8858775,1267,29,393778,7084,557968.117847716,2587.54569679871,41736.2337897454,63692.7555288759,0.0444506153503165,0.000799659095078044,0.0629847939300543,0.000292088431729975,0.00471128725921422,0.0071897926664664
"2021/01/18","AT",8858775,1161,40,394939,7124,560339.183794033,2371.06594631681,38527.5895911347,62513.0968375115,0.0445816718451479,0.000804174392057593,0.0632524456026971,0.000267651672642867,0.00434908772275339,0.00705662993331601
"2021/01/19","AT",8858775,1486,77,396425,7201,563373.984824375,3034.80103034165,38808.7674330706,61707.3181577082,0.0447494151279381,0.000812866338743224,0.0635950213008429,0.00034257569814581,0.00438082775926362,0.0069656716823385
"2021/01/20","AT",8858775,1671,38,398096,7239,566786.604287162,3412.61946278671,38525.7347219442,60337.3289248428,0.0449380416592588,0.000817155870873795,0.0639802460596597,0.000385224758816733,0.00434887834062206,0.00681102397620921
"2021/01/21","AT",8858775,1702,51,399798,7290,570262.533865655,3475.9295784937,38958.1860395684,59030.6498076843,0.0451301675457386,0.000822912874522719,0.0643726174178321,0.0003923713581724,0.00439769449382882,0.00666352286943559
"2021/01/22","AT",8858775,2088,42,401886,7332,574526.776497791,4264.24263213563,43222.428671704,61193.4431644576,0.045365866048071,0.000827653936351245,0.0648539754647557,0.000481358046923602,0.00487905254075242,0.00690766422721625
"2021/01/23","AT",8858775,0,0,401886,7332,574526.776497791,0,40085.5145515123,58294.8924398199,0.045365866048071,0.000827653936351245,0.0648539754647557,0,0.0045249500694523,0.00658046879391563
