"date","countrycode","population","cases","deaths","cum_cases","cum_deaths","cases_infected","cases_daily","cases_contagious","cases_active","p_cum_cases","p_cum_deaths","p_cases_infected","p_cases_daily","p_cases_contagious","p_cases_active"
"2019/12/19","LK",21323734,0,0,0,0,0,0,0,0,0,0,0,0,0,0
"2019/12/20","LK",21323734,0,0,0,0,0,0,0,0,0,0,0,0,0,0
"2019/12/21","LK",21323734,0,0,0,0,0,0,0,0,0,0,0,0,0,0
"2019/12/22","LK",21323734,0,0,0,0,0,0,0,0,0,0,0,0,0,0
"2019/12/23","LK",21323734,0,0,0,0,0,0,0,0,0,0,0,0,0,0
"2019/12/24","LK",21323734,0,0,0,0,0,0,0,0,0,0,0,0,0,0
"2019/12/25","LK",21323734,0,0,0,0,0,0,0,0,0,0,0,0,0,0
"2019/12/26","LK",21323734,0,0,0,0,0,0,0,0,0,0,0,0,0,0
"2019/12/27","LK",21323734,0,0,0,0,0,0,0,0,0,0,0,0,0,0
"2019/12/28","LK",21323734,0,0,0,0,0,0,0,0,0,0,0,0,0,0
"2019/12/29","LK",21323734,0,0,0,0,0,0,0,0,0,0,0,0,0,0
"2019/12/30","LK",21323734,0,0,0,0,0,0,0,0,0,0,0,0,0,0
"2019/12/31","LK",21323734,0,0,0,0,0,0,0,0,0,0,0,0,0,0
"2020/01/01","LK",21323734,0,0,0,0,0,0,0,0,0,0,0,0,0,0
"2020/01/02","LK",21323734,0,0,0,0,0,0,0,0,0,0,0,0,0,0
"2020/01/03","LK",21323734,0,0,0,0,0,0,0,0,0,0,0,0,0,0
"2020/01/04","LK",21323734,0,0,0,0,0,0,0,0,0,0,0,0,0,0
"2020/01/05","LK",21323734,0,0,0,0,0,0,0,0,0,0,0,0,0,0
"2020/01/06","LK",21323734,0,0,0,0,0,0,0,0,0,0,0,0,0,0
"2020/01/07","LK",21323734,0,0,0,0,0,0,0,0,0,0,0,0,0,0
"2020/01/08","LK",21323734,0,0,0,0,0,0,0,0,0,0,0,0,0,0
"2020/01/09","LK",21323734,0,0,0,0,0,0,0,0,0,0,0,0,0,0
"2020/01/10","LK",21323734,0,0,0,0,0,0,0,0,0,0,0,0,0,0
"2020/01/11","LK",21323734,0,0,0,0,0,0,0,0,0,0,0,0,0,0
"2020/01/12","LK",21323734,0,0,0,0,0,0,0,0,0,0,0,0,0,0
"2020/01/13","LK",21323734,0,0,0,0,0,0,0,0,0,0,0,0,0,0
"2020/01/14","LK",21323734,0,0,0,0,0,0,0,0,0,0,0,0,0,0
"2020/01/15","LK",21323734,0,0,0,0,0,0,0,0,0,0,0,0,0,0
"2020/01/16","LK",21323734,0,0,0,0,0,0,0,0,0,0,0,0,0,0
"2020/01/17","LK",21323734,0,0,0,0,0,0,0,0,0,0,0,0,0,0
"2020/01/18","LK",21323734,0,0,0,0,0,0,0,0,0,0,0,0,0,0
"2020/01/19","LK",21323734,0,0,0,0,0,0,0,0,0,0,0,0,0,0
"2020/01/20","LK",21323734,0,0,0,0,0,0,0,0,0,0,0,0,0,0
"2020/01/21","LK",21323734,0,0,0,0,0,0,0,0,0,0,0,0,0,0
"2020/01/22","LK",21323734,0,0,0,0,0,0,0,0,0,0,0,0,0,0
"2020/01/23","LK",21323734,0,0,0,0,0,0,0,0,0,0,0,0,0,0
"2020/01/24","LK",21323734,0,0,0,0,0,0,0,0,0,0,0,0,0,0
"2020/01/25","LK",21323734,0,0,0,0,0,0,0,0,0,0,0,0,0,0
"2020/01/26","LK",21323734,0,0,0,0,0,0,0,0,0,0,0,0,0,0
"2020/01/27","LK",21323734,1,0,1,0,0,0,0,0,4.6896101780298e-08,0,0,0,0,0
"2020/01/28","LK",21323734,0,0,1,0,0,0,0,0,4.6896101780298e-08,0,0,0,0,0
"2020/01/29","LK",21323734,0,0,1,0,0,0,0,0,4.6896101780298e-08,0,0,0,0,0
"2020/01/30","LK",21323734,0,0,1,0,0,0,0,0,4.6896101780298e-08,0,0,0,0,0
"2020/01/31","LK",21323734,0,0,1,0,0,0,0,0,4.6896101780298e-08,0,0,0,0,0
"2020/02/01","LK",21323734,0,0,1,0,0,0,0,0,4.6896101780298e-08,0,0,0,0,0
"2020/02/02","LK",21323734,0,0,1,0,0,0,0,0,4.6896101780298e-08,0,0,0,0,0
"2020/02/03","LK",21323734,0,0,1,0,0,0,0,0,4.6896101780298e-08,0,0,0,0,0
"2020/02/04","LK",21323734,0,0,1,0,0,0,0,0,4.6896101780298e-08,0,0,0,0,0
"2020/02/05","LK",21323734,0,0,1,0,0,0,0,0,4.6896101780298e-08,0,0,0,0,0
"2020/02/06","LK",21323734,0,0,1,0,0,0,0,0,4.6896101780298e-08,0,0,0,0,0
"2020/02/07","LK",21323734,0,0,1,0,0,0,0,0,4.6896101780298e-08,0,0,0,0,0
"2020/02/08","LK",21323734,0,0,1,0,0,0,0,0,4.6896101780298e-08,0,0,0,0,0
"2020/02/09","LK",21323734,0,0,1,0,0,0,0,0,4.6896101780298e-08,0,0,0,0,0
"2020/02/10","LK",21323734,0,0,1,0,0,0,0,0,4.6896101780298e-08,0,0,0,0,0
"2020/02/11","LK",21323734,0,0,1,0,0,0,0,0,4.6896101780298e-08,0,0,0,0,0
"2020/02/12","LK",21323734,0,0,1,0,0,0,0,0,4.6896101780298e-08,0,0,0,0,0
"2020/02/13","LK",21323734,0,0,1,0,0,0,0,0,4.6896101780298e-08,0,0,0,0,0
"2020/02/14","LK",21323734,0,0,1,0,0,0,0,0,4.6896101780298e-08,0,0,0,0,0
"2020/02/15","LK",21323734,0,0,1,0,0,0,0,0,4.6896101780298e-08,0,0,0,0,0
"2020/02/16","LK",21323734,0,0,1,0,0,0,0,0,4.6896101780298e-08,0,0,0,0,0
"2020/02/17","LK",21323734,0,0,1,0,0,0,0,0,4.6896101780298e-08,0,0,0,0,0
"2020/02/18","LK",21323734,0,0,1,0,0,0,0,0,4.6896101780298e-08,0,0,0,0,0
"2020/02/19","LK",21323734,0,0,1,0,0,0,0,0,4.6896101780298e-08,0,0,0,0,0
"2020/02/20","LK",21323734,0,0,1,0,0,0,0,0,4.6896101780298e-08,0,0,0,0,0
"2020/02/21","LK",21323734,0,0,1,0,0,0,0,0,4.6896101780298e-08,0,0,0,0,0
"2020/02/22","LK",21323734,0,0,1,0,0,0,0,0,4.6896101780298e-08,0,0,0,0,0
"2020/02/23","LK",21323734,0,0,1,0,0,0,0,0,4.6896101780298e-08,0,0,0,0,0
"2020/02/24","LK",21323734,0,0,1,0,0,0,0,0,4.6896101780298e-08,0,0,0,0,0
"2020/02/25","LK",21323734,0,0,1,0,0,0,0,0,4.6896101780298e-08,0,0,0,0,0
"2020/02/26","LK",21323734,0,0,1,0,0,0,0,0,4.6896101780298e-08,0,0,0,0,0
"2020/02/27","LK",21323734,0,0,1,0,0,0,0,0,4.6896101780298e-08,0,0,0,0,0
"2020/02/28","LK",21323734,0,0,1,0,0,0,0,0,4.6896101780298e-08,0,0,0,0,0
"2020/02/29","LK",21323734,0,0,1,0,0,0,0,0,4.6896101780298e-08,0,0,0,0,0
"2020/03/01","LK",21323734,0,0,1,0,0,0,0,0,4.6896101780298e-08,0,0,0,0,0
"2020/03/02","LK",21323734,0,0,1,0,0,0,0,0,4.6896101780298e-08,0,0,0,0,0
"2020/03/03","LK",21323734,0,0,1,0,0,0,0,0,4.6896101780298e-08,0,0,0,0,0
"2020/03/04","LK",21323734,0,0,1,0,0,0,0,0,4.6896101780298e-08,0,0,0,0,0
"2020/03/05","LK",21323734,0,0,1,0,0,0,0,0,4.6896101780298e-08,0,0,0,0,0
"2020/03/06","LK",21323734,0,0,1,0,0,0,0,0,4.6896101780298e-08,0,0,0,0,0
"2020/03/07","LK",21323734,0,0,1,0,0,0,0,0,4.6896101780298e-08,0,0,0,0,0
"2020/03/08","LK",21323734,0,0,1,0,0,0,0,0,4.6896101780298e-08,0,0,0,0,0
"2020/03/09","LK",21323734,0,0,1,0,0,0,0,0,4.6896101780298e-08,0,0,0,0,0
"2020/03/10","LK",21323734,0,0,1,0,0,0,0,0,4.6896101780298e-08,0,0,0,0,0
"2020/03/11","LK",21323734,1,0,2,0,0,0,0,0,9.37922035605959e-08,0,0,0,0,0
"2020/03/12","LK",21323734,0,0,2,0,0,0,0,0,9.37922035605959e-08,0,0,0,0,0
"2020/03/13","LK",21323734,4,0,6,0,0,0,0,0,2.81376610681788e-07,0,0,0,0,0
"2020/03/14","LK",21323734,4,0,10,0,0,0,0,0,4.6896101780298e-07,0,0,0,0,0
"2020/03/15","LK",21323734,8,0,18,0,72.463768115942,72.463768115942,72.463768115942,72.463768115942,8.44129832045363e-07,0,3.39826824494913e-06,3.39826824494913e-06,3.39826824494913e-06,3.39826824494913e-06
"2020/03/16","LK",21323734,10,0,28,0,72.463768115942,0,72.463768115942,72.463768115942,1.31309084984834e-06,0,3.39826824494913e-06,0,3.39826824494913e-06,3.39826824494913e-06
"2020/03/17","LK",21323734,16,0,44,0,144.927536231884,72.463768115942,144.927536231884,144.927536231884,2.06342847833311e-06,0,6.79653648989825e-06,3.39826824494913e-06,6.79653648989825e-06,6.79653648989825e-06
"2020/03/18","LK",21323734,7,0,51,0,144.927536231884,0,144.927536231884,144.927536231884,2.3917011907952e-06,0,6.79653648989825e-06,0,6.79653648989825e-06,6.79653648989825e-06
"2020/03/19","LK",21323734,9,0,60,0,217.391304347826,72.463768115942,217.391304347826,217.391304347826,2.81376610681788e-06,0,1.01948047348474e-05,3.39826824494913e-06,1.01948047348474e-05,1.01948047348474e-05
"2020/03/20","LK",21323734,13,0,73,0,289.855072463768,72.463768115942,289.855072463768,289.855072463768,3.42341542996175e-06,0,1.35930729797965e-05,3.39826824494913e-06,1.35930729797965e-05,1.35930729797965e-05
"2020/03/21","LK",21323734,4,0,77,0,289.855072463768,0,289.855072463768,289.855072463768,3.61099983708294e-06,0,1.35930729797965e-05,0,1.35930729797965e-05,1.35930729797965e-05
"2020/03/22","LK",21323734,5,0,82,0,362.31884057971,72.463768115942,362.31884057971,362.31884057971,3.84548034598443e-06,0,1.69913412247456e-05,3.39826824494913e-06,1.69913412247456e-05,1.69913412247456e-05
"2020/03/23","LK",21323734,15,0,97,0,362.31884057971,0,362.31884057971,362.31884057971,4.5489218726889e-06,0,1.69913412247456e-05,0,1.69913412247456e-05,1.69913412247456e-05
"2020/03/24","LK",21323734,5,0,102,0,362.31884057971,0,362.31884057971,362.31884057971,4.78340238159039e-06,0,1.69913412247456e-05,0,1.69913412247456e-05,1.69913412247456e-05
"2020/03/25","LK",21323734,0,0,102,0,434.782608695652,72.4637681159421,434.782608695652,434.782608695652,4.78340238159039e-06,0,2.03896094696948e-05,3.39826824494913e-06,2.03896094696948e-05,2.03896094696948e-05
"2020/03/26","LK",21323734,4,0,106,0,507.246376811594,72.463768115942,507.246376811594,507.246376811594,4.97098678871158e-06,0,2.37878777146439e-05,3.39826824494913e-06,2.37878777146439e-05,2.37878777146439e-05
"2020/03/27","LK",21323734,0,0,106,0,507.246376811594,0,434.782608695652,507.246376811594,4.97098678871158e-06,0,2.37878777146439e-05,0,2.03896094696948e-05,2.37878777146439e-05
"2020/03/28","LK",21323734,7,1,113,1,507.246376811594,0,434.782608695652,507.246376811594,5.29925950117367e-06,4.6896101780298e-08,2.37878777146439e-05,0,2.03896094696948e-05,2.37878777146439e-05
"2020/03/29","LK",21323734,4,0,117,1,507.246376811594,0,362.31884057971,507.246376811594,5.48684390829486e-06,4.6896101780298e-08,2.37878777146439e-05,0,1.69913412247456e-05,2.37878777146439e-05
"2020/03/30","LK",21323734,5,1,122,2,507.246376811594,0,362.31884057971,507.246376811594,5.72132441719635e-06,9.37922035605959e-08,2.37878777146439e-05,0,1.69913412247456e-05,2.37878777146439e-05
"2020/03/31","LK",21323734,21,0,143,2,507.246376811594,0,289.855072463768,507.246376811594,6.70614255458261e-06,9.37922035605959e-08,2.37878777146439e-05,0,1.35930729797965e-05,2.37878777146439e-05
"2020/04/01","LK",21323734,3,1,146,3,507.246376811594,0,217.391304347826,507.246376811594,6.8468308599235e-06,1.40688305340894e-07,2.37878777146439e-05,0,1.01948047348474e-05,2.37878777146439e-05
"2020/04/02","LK",21323734,5,1,151,4,507.246376811594,0,217.391304347826,434.782608695652,7.08131136882499e-06,1.87584407121192e-07,2.37878777146439e-05,0,1.01948047348474e-05,2.03896094696948e-05
"2020/04/03","LK",21323734,8,0,159,4,507.246376811594,0,144.927536231884,434.782608695652,7.45648018306738e-06,1.87584407121192e-07,2.37878777146439e-05,0,6.79653648989825e-06,2.03896094696948e-05
"2020/04/04","LK",21323734,7,1,166,5,507.246376811594,0,144.927536231884,362.31884057971,7.78475289552946e-06,2.3448050890149e-07,2.37878777146439e-05,0,6.79653648989825e-06,1.69913412247456e-05
"2020/04/05","LK",21323734,10,0,176,5,507.246376811594,0,144.927536231884,362.31884057971,8.25371391333244e-06,2.3448050890149e-07,2.37878777146439e-05,0,6.79653648989825e-06,1.69913412247456e-05
"2020/04/06","LK",21323734,2,0,178,5,507.246376811594,0,72.463768115942,289.855072463768,8.34750611689304e-06,2.3448050890149e-07,2.37878777146439e-05,0,3.39826824494913e-06,1.35930729797965e-05
"2020/04/07","LK",21323734,7,1,185,6,507.246376811594,0,0,217.391304347826,8.67577882935512e-06,2.81376610681788e-07,2.37878777146439e-05,0,0,1.01948047348474e-05
"2020/04/08","LK",21323734,4,1,189,7,507.246376811594,0,0,217.391304347826,8.86336323647631e-06,3.28272712462086e-07,2.37878777146439e-05,0,0,1.01948047348474e-05
"2020/04/09","LK",21323734,1,0,190,7,507.246376811594,0,0,144.927536231884,8.91025933825661e-06,3.28272712462086e-07,2.37878777146439e-05,0,0,6.79653648989825e-06
"2020/04/10","LK",21323734,0,0,190,7,507.246376811594,0,0,144.927536231884,8.91025933825661e-06,3.28272712462086e-07,2.37878777146439e-05,0,0,6.79653648989825e-06
"2020/04/11","LK",21323734,8,0,198,7,507.246376811594,0,0,144.927536231884,9.28542815249899e-06,3.28272712462086e-07,2.37878777146439e-05,0,0,6.79653648989825e-06
"2020/04/12","LK",21323734,12,0,210,7,507.246376811594,0,0,72.463768115942,9.84818137386257e-06,3.28272712462086e-07,2.37878777146439e-05,0,0,3.39826824494913e-06
"2020/04/13","LK",21323734,7,0,217,7,507.246376811594,0,0,0,1.01764540863247e-05,3.28272712462086e-07,2.37878777146439e-05,0,0,0
"2020/04/14","LK",21323734,16,0,233,7,507.246376811594,0,0,0,1.09267917148094e-05,3.28272712462086e-07,2.37878777146439e-05,0,0,0
"2020/04/15","LK",21323734,5,0,238,7,507.246376811594,0,0,0,1.11612722237109e-05,3.28272712462086e-07,2.37878777146439e-05,0,0,0
"2020/04/16","LK",21323734,0,0,238,7,507.246376811594,0,0,0,1.11612722237109e-05,3.28272712462086e-07,2.37878777146439e-05,0,0,0
"2020/04/17","LK",21323734,6,0,244,7,507.246376811594,0,0,0,1.14426488343927e-05,3.28272712462086e-07,2.37878777146439e-05,0,0,0
"2020/04/18","LK",21323734,10,0,254,7,507.246376811594,0,0,0,1.19116098521957e-05,3.28272712462086e-07,2.37878777146439e-05,0,0,0
"2020/04/19","LK",21323734,17,0,271,7,507.246376811594,0,0,0,1.27088435824607e-05,3.28272712462086e-07,2.37878777146439e-05,0,0,0
"2020/04/20","LK",21323734,33,0,304,7,507.246376811594,0,0,0,1.42564149412106e-05,3.28272712462086e-07,2.37878777146439e-05,0,0,0
"2020/04/21","LK",21323734,6,0,310,7,579.710144927536,72.4637681159421,72.4637681159421,72.4637681159421,1.45377915518924e-05,3.28272712462086e-07,2.7186145959593e-05,3.39826824494913e-06,3.39826824494913e-06,3.39826824494913e-06
"2020/04/22","LK",21323734,20,0,330,7,652.173913043478,72.463768115942,144.927536231884,144.927536231884,1.54757135874983e-05,3.28272712462086e-07,3.05844142045421e-05,3.39826824494913e-06,6.79653648989825e-06,6.79653648989825e-06
"2020/04/23","LK",21323734,38,0,368,7,652.173913043478,0,144.927536231884,144.927536231884,1.72577654551496e-05,3.28272712462086e-07,3.05844142045421e-05,0,6.79653648989825e-06,6.79653648989825e-06
"2020/04/24","LK",21323734,52,0,420,7,652.173913043478,0,144.927536231884,144.927536231884,1.96963627477251e-05,3.28272712462086e-07,3.05844142045421e-05,0,6.79653648989825e-06,6.79653648989825e-06
"2020/04/25","LK",21323734,40,0,460,7,652.173913043478,0,144.927536231884,144.927536231884,2.15722068189371e-05,3.28272712462086e-07,3.05844142045421e-05,0,6.79653648989825e-06,6.79653648989825e-06
"2020/04/26","LK",21323734,63,0,523,7,652.173913043478,0,144.927536231884,144.927536231884,2.45266612310958e-05,3.28272712462086e-07,3.05844142045421e-05,0,6.79653648989825e-06,6.79653648989825e-06
"2020/04/27","LK",21323734,65,0,588,7,652.173913043478,0,144.927536231884,144.927536231884,2.75749078468152e-05,3.28272712462086e-07,3.05844142045421e-05,0,6.79653648989825e-06,6.79653648989825e-06
"2020/04/28","LK",21323734,31,0,619,7,652.173913043478,0,144.927536231884,144.927536231884,2.90286870020044e-05,3.28272712462086e-07,3.05844142045421e-05,0,6.79653648989825e-06,6.79653648989825e-06
"2020/04/29","LK",21323734,30,0,649,7,652.173913043478,0,144.927536231884,144.927536231884,3.04355700554134e-05,3.28272712462086e-07,3.05844142045421e-05,0,6.79653648989825e-06,6.79653648989825e-06
"2020/04/30","LK",21323734,14,0,663,7,652.173913043478,0,144.927536231884,144.927536231884,3.10921154803375e-05,3.28272712462086e-07,3.05844142045421e-05,0,6.79653648989825e-06,6.79653648989825e-06
"2020/05/01","LK",21323734,27,0,690,7,652.173913043478,0,144.927536231884,144.927536231884,3.23583102284056e-05,3.28272712462086e-07,3.05844142045421e-05,0,6.79653648989825e-06,6.79653648989825e-06
"2020/05/02","LK",21323734,15,0,705,7,652.173913043478,0,144.927536231884,144.927536231884,3.30617517551101e-05,3.28272712462086e-07,3.05844142045421e-05,0,6.79653648989825e-06,6.79653648989825e-06
"2020/05/03","LK",21323734,13,0,718,7,652.173913043478,0,72.463768115942,144.927536231884,3.36714010782539e-05,3.28272712462086e-07,3.05844142045421e-05,0,3.39826824494913e-06,6.79653648989825e-06
"2020/05/04","LK",21323734,33,1,751,8,652.173913043478,0,0,144.927536231884,3.52189724370038e-05,3.75168814242384e-07,3.05844142045421e-05,0,0,6.79653648989825e-06
"2020/05/05","LK",21323734,20,1,771,9,652.173913043478,0,0,144.927536231884,3.61568944726097e-05,4.22064916022682e-07,3.05844142045421e-05,0,0,6.79653648989825e-06
"2020/05/06","LK",21323734,26,0,797,9,652.173913043478,0,0,144.927536231884,3.73761931188975e-05,4.22064916022682e-07,3.05844142045421e-05,0,0,6.79653648989825e-06
"2020/05/07","LK",21323734,27,0,824,9,652.173913043478,0,0,144.927536231884,3.86423878669655e-05,4.22064916022682e-07,3.05844142045421e-05,0,0,6.79653648989825e-06
"2020/05/08","LK",21323734,11,0,835,9,652.173913043478,0,0,144.927536231884,3.91582449865488e-05,4.22064916022682e-07,3.05844142045421e-05,0,0,6.79653648989825e-06
"2020/05/09","LK",21323734,12,0,847,9,652.173913043478,0,0,72.463768115942,3.97209982079124e-05,4.22064916022682e-07,3.05844142045421e-05,0,0,3.39826824494913e-06
"2020/05/10","LK",21323734,16,0,863,9,652.173913043478,0,0,0,4.04713358363971e-05,4.22064916022682e-07,3.05844142045421e-05,0,0,0
"2020/05/11","LK",21323734,6,0,869,9,652.173913043478,0,0,0,4.07527124470789e-05,4.22064916022682e-07,3.05844142045421e-05,0,0,0
"2020/05/12","LK",21323734,20,0,889,9,724.63768115942,72.463768115942,72.463768115942,72.463768115942,4.16906344826849e-05,4.22064916022682e-07,3.39826824494913e-05,3.39826824494913e-06,3.39826824494913e-06,3.39826824494913e-06
"2020/05/13","LK",21323734,26,0,915,9,724.63768115942,0,72.463768115942,72.463768115942,4.29099331289726e-05,4.22064916022682e-07,3.39826824494913e-05,0,3.39826824494913e-06,3.39826824494913e-06
"2020/05/14","LK",21323734,10,0,925,9,724.63768115942,0,72.463768115942,72.463768115942,4.33788941467756e-05,4.22064916022682e-07,3.39826824494913e-05,0,3.39826824494913e-06,3.39826824494913e-06
"2020/05/15","LK",21323734,10,0,935,9,724.63768115942,0,72.463768115942,72.463768115942,4.38478551645786e-05,4.22064916022682e-07,3.39826824494913e-05,0,3.39826824494913e-06,3.39826824494913e-06
"2020/05/16","LK",21323734,25,0,960,9,724.63768115942,0,72.463768115942,72.463768115942,4.5020257709086e-05,4.22064916022682e-07,3.39826824494913e-05,0,3.39826824494913e-06,3.39826824494913e-06
"2020/05/17","LK",21323734,21,0,981,9,724.63768115942,0,72.463768115942,72.463768115942,4.60050758464723e-05,4.22064916022682e-07,3.39826824494913e-05,0,3.39826824494913e-06,3.39826824494913e-06
"2020/05/18","LK",21323734,11,0,992,9,724.63768115942,0,72.463768115942,72.463768115942,4.65209329660556e-05,4.22064916022682e-07,3.39826824494913e-05,0,3.39826824494913e-06,3.39826824494913e-06
"2020/05/19","LK",21323734,35,0,1027,9,797.101449275362,72.4637681159421,144.927536231884,144.927536231884,4.8162296528366e-05,4.22064916022682e-07,3.73809506944404e-05,3.39826824494913e-06,6.79653648989826e-06,6.79653648989826e-06
"2020/05/20","LK",21323734,1,0,1028,9,797.101449275362,0,144.927536231884,144.927536231884,4.82091926301463e-05,4.22064916022682e-07,3.73809506944404e-05,0,6.79653648989826e-06,6.79653648989826e-06
"2020/05/21","LK",21323734,27,0,1055,9,797.101449275362,0,144.927536231884,144.927536231884,4.94753873782143e-05,4.22064916022682e-07,3.73809506944404e-05,0,6.79653648989826e-06,6.79653648989826e-06
"2020/05/22","LK",21323734,13,0,1068,9,797.101449275362,0,144.927536231884,144.927536231884,5.00850367013582e-05,4.22064916022682e-07,3.73809506944404e-05,0,6.79653648989826e-06,6.79653648989826e-06
"2020/05/23","LK",21323734,21,0,1089,9,797.101449275362,0,144.927536231884,144.927536231884,5.10698548387445e-05,4.22064916022682e-07,3.73809506944404e-05,0,6.79653648989826e-06,6.79653648989826e-06
"2020/05/24","LK",21323734,52,0,1141,9,797.101449275362,0,72.4637681159421,144.927536231884,5.350845213132e-05,4.22064916022682e-07,3.73809506944404e-05,0,3.39826824494913e-06,6.79653648989826e-06
"2020/05/25","LK",21323734,41,1,1182,10,797.101449275362,0,72.4637681159421,144.927536231884,5.54311923043122e-05,4.6896101780298e-07,3.73809506944404e-05,0,3.39826824494913e-06,6.79653648989826e-06
"2020/05/26","LK",21323734,137,0,1319,10,797.101449275362,0,72.4637681159421,144.927536231884,6.1855958248213e-05,4.6896101780298e-07,3.73809506944404e-05,0,3.39826824494913e-06,6.79653648989826e-06
"2020/05/27","LK",21323734,150,0,1469,10,797.101449275362,0,72.4637681159421,144.927536231884,6.88903735152577e-05,4.6896101780298e-07,3.73809506944404e-05,0,3.39826824494913e-06,6.79653648989826e-06
"2020/05/28","LK",21323734,61,0,1530,10,797.101449275362,0,72.4637681159421,144.927536231884,7.17510357238559e-05,4.6896101780298e-07,3.73809506944404e-05,0,3.39826824494913e-06,6.79653648989826e-06
"2020/05/29","LK",21323734,28,0,1558,10,797.101449275362,0,72.4637681159421,144.927536231884,7.30641265737042e-05,4.6896101780298e-07,3.73809506944404e-05,0,3.39826824494913e-06,6.79653648989826e-06
"2020/05/30","LK",21323734,62,0,1620,10,797.101449275362,0,72.4637681159421,72.4637681159421,7.59716848840827e-05,4.6896101780298e-07,3.73809506944404e-05,0,3.39826824494913e-06,3.39826824494913e-06
"2020/05/31","LK",21323734,13,0,1633,10,797.101449275362,0,0,72.4637681159421,7.65813342072266e-05,4.6896101780298e-07,3.73809506944404e-05,0,0,3.39826824494913e-06
"2020/06/01","LK",21323734,10,1,1643,11,797.101449275362,0,0,72.4637681159421,7.70502952250295e-05,5.15857119583277e-07,3.73809506944404e-05,0,0,3.39826824494913e-06
"2020/06/02","LK",21323734,40,0,1683,11,797.101449275362,0,0,72.4637681159421,7.89261392962415e-05,5.15857119583277e-07,3.73809506944404e-05,0,0,3.39826824494913e-06
"2020/06/03","LK",21323734,66,0,1749,11,797.101449275362,0,0,72.4637681159421,8.20212820137411e-05,5.15857119583277e-07,3.73809506944404e-05,0,0,3.39826824494913e-06
"2020/06/04","LK",21323734,48,0,1797,11,797.101449275362,0,0,72.4637681159421,8.42722948991954e-05,5.15857119583277e-07,3.73809506944404e-05,0,0,3.39826824494913e-06
"2020/06/05","LK",21323734,4,0,1801,11,797.101449275362,0,0,72.4637681159421,8.44598793063166e-05,5.15857119583277e-07,3.73809506944404e-05,0,0,3.39826824494913e-06
"2020/06/06","LK",21323734,13,0,1814,11,797.101449275362,0,0,0,8.50695286294605e-05,5.15857119583277e-07,3.73809506944404e-05,0,0,0
"2020/06/07","LK",21323734,21,0,1835,11,797.101449275362,0,0,0,8.60543467668468e-05,5.15857119583277e-07,3.73809506944404e-05,0,0,0
"2020/06/08","LK",21323734,22,0,1857,11,797.101449275362,0,0,0,8.70860610060133e-05,5.15857119583277e-07,3.73809506944404e-05,0,0,0
"2020/06/09","LK",21323734,2,0,1859,11,797.101449275362,0,0,0,8.71798532095739e-05,5.15857119583277e-07,3.73809506944404e-05,0,0,0
"2020/06/10","LK",21323734,10,0,1869,11,797.101449275362,0,0,0,8.76488142273769e-05,5.15857119583277e-07,3.73809506944404e-05,0,0,0
"2020/06/11","LK",21323734,8,0,1877,11,797.101449275362,0,0,0,8.80239830416193e-05,5.15857119583277e-07,3.73809506944404e-05,0,0,0
"2020/06/12","LK",21323734,3,0,1880,11,797.101449275362,0,0,0,8.81646713469602e-05,5.15857119583277e-07,3.73809506944404e-05,0,0,0
"2020/06/13","LK",21323734,4,0,1884,11,797.101449275362,0,0,0,8.83522557540813e-05,5.15857119583277e-07,3.73809506944404e-05,0,0,0
"2020/06/14","LK",21323734,5,0,1889,11,797.101449275362,0,0,0,8.85867362629828e-05,5.15857119583277e-07,3.73809506944404e-05,0,0,0
"2020/06/15","LK",21323734,16,0,1905,11,797.101449275362,0,0,0,8.93370738914676e-05,5.15857119583277e-07,3.73809506944404e-05,0,0,0
"2020/06/16","LK",21323734,10,0,1915,11,797.101449275362,0,0,0,8.98060349092706e-05,5.15857119583277e-07,3.73809506944404e-05,0,0,0
"2020/06/17","LK",21323734,9,0,1924,11,797.101449275362,0,0,0,9.02280998252933e-05,5.15857119583277e-07,3.73809506944404e-05,0,0,0
"2020/06/18","LK",21323734,23,0,1947,11,797.101449275362,0,0,0,9.13067101662401e-05,5.15857119583277e-07,3.73809506944404e-05,0,0,0
"2020/06/19","LK",21323734,3,0,1950,11,797.101449275362,0,0,0,9.1447398471581e-05,5.15857119583277e-07,3.73809506944404e-05,0,0,0
"2020/06/20","LK",21323734,0,0,1950,11,797.101449275362,0,0,0,9.1447398471581e-05,5.15857119583277e-07,3.73809506944404e-05,0,0,0
"2020/06/21","LK",21323734,0,0,1950,11,797.101449275362,0,0,0,9.1447398471581e-05,5.15857119583277e-07,3.73809506944404e-05,0,0,0
"2020/06/22","LK",21323734,1,0,1951,11,797.101449275362,0,0,0,9.14942945733613e-05,5.15857119583277e-07,3.73809506944404e-05,0,0,0
"2020/06/23","LK",21323734,40,0,1991,11,797.101449275362,0,0,0,9.33701386445732e-05,5.15857119583277e-07,3.73809506944404e-05,0,0,0
"2020/06/24","LK",21323734,10,0,2001,11,797.101449275362,0,0,0,9.38390996623762e-05,5.15857119583277e-07,3.73809506944404e-05,0,0,0
"2020/06/25","LK",21323734,9,0,2010,11,797.101449275362,0,0,0,9.42611645783989e-05,5.15857119583277e-07,3.73809506944404e-05,0,0,0
"2020/06/26","LK",21323734,4,0,2014,11,797.101449275362,0,0,0,9.44487489855201e-05,5.15857119583277e-07,3.73809506944404e-05,0,0,0
"2020/06/27","LK",21323734,19,0,2033,11,797.101449275362,0,0,0,9.53397749193457e-05,5.15857119583277e-07,3.73809506944404e-05,0,0,0
"2020/06/28","LK",21323734,4,0,2037,11,797.101449275362,0,0,0,9.55273593264669e-05,5.15857119583277e-07,3.73809506944404e-05,0,0,0
"2020/06/29","LK",21323734,2,0,2039,11,797.101449275362,0,0,0,9.56211515300275e-05,5.15857119583277e-07,3.73809506944404e-05,0,0,0
"2020/06/30","LK",21323734,8,0,2047,11,797.101449275362,0,0,0,9.59963203442699e-05,5.15857119583277e-07,3.73809506944404e-05,0,0,0
"2020/07/01","LK",21323734,7,0,2054,11,797.101449275362,0,0,0,9.6324593056732e-05,5.15857119583277e-07,3.73809506944404e-05,0,0,0
"2020/07/02","LK",21323734,12,0,2066,11,797.101449275362,0,0,0,9.68873462780956e-05,5.15857119583277e-07,3.73809506944404e-05,0,0,0
"2020/07/03","LK",21323734,3,0,2069,11,797.101449275362,0,0,0,9.70280345834365e-05,5.15857119583277e-07,3.73809506944404e-05,0,0,0
"2020/07/04","LK",21323734,5,0,2074,11,797.101449275362,0,0,0,9.7262515092338e-05,5.15857119583277e-07,3.73809506944404e-05,0,0,0
"2020/07/05","LK",21323734,2,0,2076,11,797.101449275362,0,0,0,9.73563072958985e-05,5.15857119583277e-07,3.73809506944404e-05,0,0,0
"2020/07/06","LK",21323734,1,0,2077,11,797.101449275362,0,0,0,9.74032033976789e-05,5.15857119583277e-07,3.73809506944404e-05,0,0,0
"2020/07/07","LK",21323734,4,0,2081,11,797.101449275362,0,0,0,9.75907878048e-05,5.15857119583277e-07,3.73809506944404e-05,0,0,0
"2020/07/08","LK",21323734,13,0,2094,11,797.101449275362,0,0,0,9.82004371279439e-05,5.15857119583277e-07,3.73809506944404e-05,0,0,0
"2020/07/09","LK",21323734,60,0,2154,11,797.101449275362,0,0,0,0.000101014203234762,5.15857119583277e-07,3.73809506944404e-05,0,0,0
"2020/07/10","LK",21323734,300,0,2454,11,797.101449275362,0,0,0,0.000115083033768851,5.15857119583277e-07,3.73809506944404e-05,0,0,0
"2020/07/11","LK",21323734,57,0,2511,11,797.101449275362,0,0,0,0.000117756111570328,5.15857119583277e-07,3.73809506944404e-05,0,0,0
"2020/07/12","LK",21323734,106,0,2617,11,797.101449275362,0,0,0,0.00012272709835904,5.15857119583277e-07,3.73809506944404e-05,0,0,0
"2020/07/13","LK",21323734,29,0,2646,11,797.101449275362,0,0,0,0.000124087085310668,5.15857119583277e-07,3.73809506944404e-05,0,0,0
"2020/07/14","LK",21323734,19,0,2665,11,797.101449275362,0,0,0,0.000124978111244494,5.15857119583277e-07,3.73809506944404e-05,0,0,0
"2020/07/15","LK",21323734,6,0,2671,11,797.101449275362,0,0,0,0.000125259487855176,5.15857119583277e-07,3.73809506944404e-05,0,0,0
"2020/07/16","LK",21323734,16,0,2687,11,797.101449275362,0,0,0,0.000126009825483661,5.15857119583277e-07,3.73809506944404e-05,0,0,0
"2020/07/17","LK",21323734,10,0,2697,11,797.101449275362,0,0,0,0.000126478786501464,5.15857119583277e-07,3.73809506944404e-05,0,0,0
"2020/07/18","LK",21323734,6,0,2703,11,797.101449275362,0,0,0,0.000126760163112145,5.15857119583277e-07,3.73809506944404e-05,0,0,0
"2020/07/19","LK",21323734,21,0,2724,11,797.101449275362,0,0,0,0.000127744981249532,5.15857119583277e-07,3.73809506944404e-05,0,0,0
"2020/07/20","LK",21323734,6,0,2730,11,797.101449275362,0,0,0,0.000128026357860213,5.15857119583277e-07,3.73809506944404e-05,0,0,0
"2020/07/21","LK",21323734,0,0,2730,11,797.101449275362,0,0,0,0.000128026357860213,5.15857119583277e-07,3.73809506944404e-05,0,0,0
"2020/07/22","LK",21323734,22,0,2752,11,797.101449275362,0,0,0,0.00012905807209938,5.15857119583277e-07,3.73809506944404e-05,0,0,0
"2020/07/23","LK",21323734,1,0,2753,11,797.101449275362,0,0,0,0.00012910496820116,5.15857119583277e-07,3.73809506944404e-05,0,0,0
"2020/07/24","LK",21323734,11,0,2764,11,797.101449275362,0,0,0,0.000129620825320744,5.15857119583277e-07,3.73809506944404e-05,0,0,0
"2020/07/25","LK",21323734,6,0,2770,11,797.101449275362,0,0,0,0.000129902201931425,5.15857119583277e-07,3.73809506944404e-05,0,0,0
"2020/07/26","LK",21323734,12,0,2782,11,797.101449275362,0,0,0,0.000130464955152789,5.15857119583277e-07,3.73809506944404e-05,0,0,0
"2020/07/27","LK",21323734,23,0,2805,11,797.101449275362,0,0,0,0.000131543565493736,5.15857119583277e-07,3.73809506944404e-05,0,0,0
"2020/07/28","LK",21323734,5,0,2810,11,797.101449275362,0,0,0,0.000131778046002637,5.15857119583277e-07,3.73809506944404e-05,0,0,0
"2020/07/29","LK",21323734,0,0,2810,11,797.101449275362,0,0,0,0.000131778046002637,5.15857119583277e-07,3.73809506944404e-05,0,0,0
"2020/07/30","LK",21323734,4,0,2814,11,797.101449275362,0,0,0,0.000131965630409758,5.15857119583277e-07,3.73809506944404e-05,0,0,0
"2020/07/31","LK",21323734,1,0,2815,11,797.101449275362,0,0,0,0.000132012526511539,5.15857119583277e-07,3.73809506944404e-05,0,0,0
"2020/08/01","LK",21323734,0,0,2815,11,797.101449275362,0,0,0,0.000132012526511539,5.15857119583277e-07,3.73809506944404e-05,0,0,0
"2020/08/02","LK",21323734,8,0,2823,11,797.101449275362,0,0,0,0.000132387695325781,5.15857119583277e-07,3.73809506944404e-05,0,0,0
"2020/08/03","LK",21323734,5,0,2828,11,797.101449275362,0,0,0,0.000132622175834683,5.15857119583277e-07,3.73809506944404e-05,0,0,0
"2020/08/04","LK",21323734,6,0,2834,11,797.101449275362,0,0,0,0.000132903552445364,5.15857119583277e-07,3.73809506944404e-05,0,0,0
"2020/08/05","LK",21323734,5,0,2839,11,797.101449275362,0,0,0,0.000133138032954266,5.15857119583277e-07,3.73809506944404e-05,0,0,0
"2020/08/06","LK",21323734,0,0,2839,11,797.101449275362,0,0,0,0.000133138032954266,5.15857119583277e-07,3.73809506944404e-05,0,0,0
"2020/08/07","LK",21323734,0,0,2839,11,797.101449275362,0,0,0,0.000133138032954266,5.15857119583277e-07,3.73809506944404e-05,0,0,0
"2020/08/08","LK",21323734,2,0,2841,11,797.101449275362,0,0,0,0.000133231825157826,5.15857119583277e-07,3.73809506944404e-05,0,0,0
"2020/08/09","LK",21323734,3,0,2844,11,869.565217391304,72.463768115942,72.463768115942,72.463768115942,0.000133372513463167,5.15857119583277e-07,4.07792189393895e-05,3.39826824494913e-06,3.39826824494913e-06,3.39826824494913e-06
"2020/08/10","LK",21323734,27,0,2871,11,869.565217391304,0,72.463768115942,72.463768115942,0.000134638708211235,5.15857119583277e-07,4.07792189393895e-05,0,3.39826824494913e-06,3.39826824494913e-06
"2020/08/11","LK",21323734,9,0,2880,11,869.565217391304,0,72.463768115942,72.463768115942,0.000135060773127258,5.15857119583277e-07,4.07792189393895e-05,0,3.39826824494913e-06,3.39826824494913e-06
"2020/08/12","LK",21323734,1,0,2881,11,869.565217391304,0,72.463768115942,72.463768115942,0.000135107669229038,5.15857119583277e-07,4.07792189393895e-05,0,3.39826824494913e-06,3.39826824494913e-06
"2020/08/13","LK",21323734,1,0,2882,11,869.565217391304,0,72.463768115942,72.463768115942,0.000135154565330819,5.15857119583277e-07,4.07792189393895e-05,0,3.39826824494913e-06,3.39826824494913e-06
"2020/08/14","LK",21323734,4,0,2886,11,869.565217391304,0,72.463768115942,72.463768115942,0.00013534214973794,5.15857119583277e-07,4.07792189393895e-05,0,3.39826824494913e-06,3.39826824494913e-06
"2020/08/15","LK",21323734,4,0,2890,11,869.565217391304,0,72.463768115942,72.463768115942,0.000135529734145061,5.15857119583277e-07,4.07792189393895e-05,0,3.39826824494913e-06,3.39826824494913e-06
"2020/08/16","LK",21323734,3,0,2893,11,869.565217391304,0,72.463768115942,72.463768115942,0.000135670422450402,5.15857119583277e-07,4.07792189393895e-05,0,3.39826824494913e-06,3.39826824494913e-06
"2020/08/17","LK",21323734,7,0,2900,11,869.565217391304,0,72.463768115942,72.463768115942,0.000135998695162864,5.15857119583277e-07,4.07792189393895e-05,0,3.39826824494913e-06,3.39826824494913e-06
"2020/08/18","LK",21323734,2,0,2902,11,869.565217391304,0,72.463768115942,72.463768115942,0.000136092487366425,5.15857119583277e-07,4.07792189393895e-05,0,3.39826824494913e-06,3.39826824494913e-06
"2020/08/19","LK",21323734,0,0,2902,11,869.565217391304,0,72.463768115942,72.463768115942,0.000136092487366425,5.15857119583277e-07,4.07792189393895e-05,0,3.39826824494913e-06,3.39826824494913e-06
"2020/08/20","LK",21323734,16,0,2918,11,869.565217391304,0,72.463768115942,72.463768115942,0.000136842824994909,5.15857119583277e-07,4.07792189393895e-05,0,3.39826824494913e-06,3.39826824494913e-06
"2020/08/21","LK",21323734,23,0,2941,11,869.565217391304,0,0,72.463768115942,0.000137921435335856,5.15857119583277e-07,4.07792189393895e-05,0,0,3.39826824494913e-06
"2020/08/22","LK",21323734,6,1,2947,12,869.565217391304,0,0,72.463768115942,0.000138202811946538,5.62753221363575e-07,4.07792189393895e-05,0,0,3.39826824494913e-06
"2020/08/23","LK",21323734,6,0,2953,12,869.565217391304,0,0,72.463768115942,0.00013848418855722,5.62753221363575e-07,4.07792189393895e-05,0,0,3.39826824494913e-06
"2020/08/24","LK",21323734,6,0,2959,12,869.565217391304,0,0,72.463768115942,0.000138765565167902,5.62753221363575e-07,4.07792189393895e-05,0,0,3.39826824494913e-06
"2020/08/25","LK",21323734,12,0,2971,12,869.565217391304,0,0,72.463768115942,0.000139328318389265,5.62753221363575e-07,4.07792189393895e-05,0,0,3.39826824494913e-06
"2020/08/26","LK",21323734,13,0,2984,12,869.565217391304,0,0,72.463768115942,0.000139937967712409,5.62753221363575e-07,4.07792189393895e-05,0,0,3.39826824494913e-06
"2020/08/27","LK",21323734,2,0,2986,12,869.565217391304,0,0,0,0.00014003175991597,5.62753221363575e-07,4.07792189393895e-05,0,0,0
"2020/08/28","LK",21323734,3,0,2989,12,869.565217391304,0,0,0,0.000140172448221311,5.62753221363575e-07,4.07792189393895e-05,0,0,0
"2020/08/29","LK",21323734,6,0,2995,12,869.565217391304,0,0,0,0.000140453824831992,5.62753221363575e-07,4.07792189393895e-05,0,0,0
"2020/08/30","LK",21323734,17,0,3012,12,869.565217391304,0,0,0,0.000141251058562257,5.62753221363575e-07,4.07792189393895e-05,0,0,0
"2020/08/31","LK",21323734,37,0,3049,12,869.565217391304,0,0,0,0.000142986214328128,5.62753221363575e-07,4.07792189393895e-05,0,0,0
"2020/09/01","LK",21323734,43,0,3092,12,942.028985507246,72.463768115942,72.463768115942,72.463768115942,0.000145002746704681,5.62753221363575e-07,4.41774871843387e-05,3.39826824494913e-06,3.39826824494913e-06,3.39826824494913e-06
"2020/09/02","LK",21323734,9,0,3101,12,942.028985507246,0,72.463768115942,72.463768115942,0.000145424811620704,5.62753221363575e-07,4.41774871843387e-05,0,3.39826824494913e-06,3.39826824494913e-06
"2020/09/03","LK",21323734,10,0,3111,12,942.028985507246,0,72.463768115942,72.463768115942,0.000145893772638507,5.62753221363575e-07,4.41774871843387e-05,0,3.39826824494913e-06,3.39826824494913e-06
"2020/09/04","LK",21323734,4,0,3115,12,942.028985507246,0,72.463768115942,72.463768115942,0.000146081357045628,5.62753221363575e-07,4.41774871843387e-05,0,3.39826824494913e-06,3.39826824494913e-06
"2020/09/05","LK",21323734,6,0,3121,12,942.028985507246,0,72.463768115942,72.463768115942,0.00014636273365631,5.62753221363575e-07,4.41774871843387e-05,0,3.39826824494913e-06,3.39826824494913e-06
"2020/09/06","LK",21323734,2,0,3123,12,942.028985507246,0,72.463768115942,72.463768115942,0.000146456525859871,5.62753221363575e-07,4.41774871843387e-05,0,3.39826824494913e-06,3.39826824494913e-06
"2020/09/07","LK",21323734,0,0,3123,12,942.028985507246,0,72.463768115942,72.463768115942,0.000146456525859871,5.62753221363575e-07,4.41774871843387e-05,0,3.39826824494913e-06,3.39826824494913e-06
"2020/09/08","LK",21323734,17,0,3140,12,942.028985507246,0,72.463768115942,72.463768115942,0.000147253759590136,5.62753221363575e-07,4.41774871843387e-05,0,3.39826824494913e-06,3.39826824494913e-06
"2020/09/09","LK",21323734,7,0,3147,12,942.028985507246,0,72.463768115942,72.463768115942,0.000147582032302598,5.62753221363575e-07,4.41774871843387e-05,0,3.39826824494913e-06,3.39826824494913e-06
"2020/09/10","LK",21323734,8,0,3155,12,942.028985507246,0,72.463768115942,72.463768115942,0.00014795720111684,5.62753221363575e-07,4.41774871843387e-05,0,3.39826824494913e-06,3.39826824494913e-06
"2020/09/11","LK",21323734,14,0,3169,12,942.028985507246,0,72.463768115942,72.463768115942,0.000148613746541764,5.62753221363575e-07,4.41774871843387e-05,0,3.39826824494913e-06,3.39826824494913e-06
"2020/09/12","LK",21323734,26,0,3195,12,942.028985507246,0,72.463768115942,72.463768115942,0.000149833045188052,5.62753221363575e-07,4.41774871843387e-05,0,3.39826824494913e-06,3.39826824494913e-06
"2020/09/13","LK",21323734,39,0,3234,12,942.028985507246,0,0,72.463768115942,0.000151661993157484,5.62753221363575e-07,4.41774871843387e-05,0,0,3.39826824494913e-06
"2020/09/14","LK",21323734,28,1,3262,13,942.028985507246,0,0,72.463768115942,0.000152975084007332,6.09649323143873e-07,4.41774871843387e-05,0,0,3.39826824494913e-06
"2020/09/15","LK",21323734,9,0,3271,13,942.028985507246,0,0,72.463768115942,0.000153397148923355,6.09649323143873e-07,4.41774871843387e-05,0,0,3.39826824494913e-06
"2020/09/16","LK",21323734,0,0,3271,13,942.028985507246,0,0,72.463768115942,0.000153397148923355,6.09649323143873e-07,4.41774871843387e-05,0,0,3.39826824494913e-06
"2020/09/17","LK",21323734,5,0,3276,13,942.028985507246,0,0,72.463768115942,0.000153631629432256,6.09649323143873e-07,4.41774871843387e-05,0,0,3.39826824494913e-06
"2020/09/18","LK",21323734,5,0,3281,13,942.028985507246,0,0,72.463768115942,0.000153866109941158,6.09649323143873e-07,4.41774871843387e-05,0,0,3.39826824494913e-06
"2020/09/19","LK",21323734,2,0,3283,13,942.028985507246,0,0,0,0.000153959902144718,6.09649323143873e-07,4.41774871843387e-05,0,0,0
"2020/09/20","LK",21323734,4,0,3287,13,942.028985507246,0,0,0,0.000154147486551839,6.09649323143873e-07,4.41774871843387e-05,0,0,0
"2020/09/21","LK",21323734,12,0,3299,13,942.028985507246,0,0,0,0.000154710239773203,6.09649323143873e-07,4.41774871843387e-05,0,0,0
"2020/09/22","LK",21323734,14,0,3313,13,942.028985507246,0,0,0,0.000155366785198127,6.09649323143873e-07,4.41774871843387e-05,0,0,0
"2020/09/23","LK",21323734,11,0,3324,13,942.028985507246,0,0,0,0.00015588264231771,6.09649323143873e-07,4.41774871843387e-05,0,0,0
"2020/09/24","LK",21323734,9,0,3333,13,942.028985507246,0,0,0,0.000156304707233733,6.09649323143873e-07,4.41774871843387e-05,0,0,0
"2020/09/25","LK",21323734,12,0,3345,13,942.028985507246,0,0,0,0.000156867460455097,6.09649323143873e-07,4.41774871843387e-05,0,0,0
"2020/09/26","LK",21323734,4,0,3349,13,942.028985507246,0,0,0,0.000157055044862218,6.09649323143873e-07,4.41774871843387e-05,0,0,0
"2020/09/27","LK",21323734,11,0,3360,13,942.028985507246,0,0,0,0.000157570901981801,6.09649323143873e-07,4.41774871843387e-05,0,0,0
"2020/09/28","LK",21323734,3,0,3363,13,942.028985507246,0,0,0,0.000157711590287142,6.09649323143873e-07,4.41774871843387e-05,0,0,0
"2020/09/29","LK",21323734,11,0,3374,13,942.028985507246,0,0,0,0.000158227447406725,6.09649323143873e-07,4.41774871843387e-05,0,0,0
"2020/09/30","LK",21323734,6,0,3380,13,942.028985507246,0,0,0,0.000158508824017407,6.09649323143873e-07,4.41774871843387e-05,0,0,0
"2020/10/01","LK",21323734,2,0,3382,13,942.028985507246,0,0,0,0.000158602616220968,6.09649323143873e-07,4.41774871843387e-05,0,0,0
"2020/10/02","LK",21323734,6,0,3388,13,942.028985507246,0,0,0,0.000158883992831649,6.09649323143873e-07,4.41774871843387e-05,0,0,0
"2020/10/03","LK",21323734,7,0,3395,13,942.028985507246,0,0,0,0.000159212265544112,6.09649323143873e-07,4.41774871843387e-05,0,0,0
"2020/10/04","LK",21323734,7,0,3402,13,942.028985507246,0,0,0,0.000159540538256574,6.09649323143873e-07,4.41774871843387e-05,0,0,0
"2020/10/05","LK",21323734,111,0,3513,13,942.028985507246,0,0,0,0.000164746005554187,6.09649323143873e-07,4.41774871843387e-05,0,0,0
"2020/10/06","LK",21323734,739,0,4252,13,942.028985507246,0,0,0,0.000199402224769827,6.09649323143873e-07,4.41774871843387e-05,0,0,0
"2020/10/07","LK",21323734,207,0,4459,13,942.028985507246,0,0,0,0.000209109717838349,6.09649323143873e-07,4.41774871843387e-05,0,0,0
"2020/10/08","LK",21323734,29,0,4488,13,942.028985507246,0,0,0,0.000210469704789977,6.09649323143873e-07,4.41774871843387e-05,0,0,0
"2020/10/09","LK",21323734,35,0,4523,13,1014.49275362319,72.463768115942,72.463768115942,72.463768115942,0.000212111068352288,6.09649323143873e-07,4.75757554292878e-05,3.39826824494913e-06,3.39826824494913e-06,3.39826824494913e-06
"2020/10/10","LK",21323734,105,0,4628,13,1014.49275362319,0,72.463768115942,72.463768115942,0.000217035159039219,6.09649323143873e-07,4.75757554292878e-05,0,3.39826824494913e-06,3.39826824494913e-06
"2020/10/11","LK",21323734,124,0,4752,13,1086.95652173913,72.4637681159421,144.927536231884,144.927536231884,0.000222850275659976,6.09649323143873e-07,5.09740236742369e-05,3.39826824494913e-06,6.79653648989826e-06,6.79653648989826e-06
"2020/10/12","LK",21323734,92,0,4844,13,1159.42028985507,72.463768115942,217.391304347826,217.391304347826,0.000227164717023763,6.09649323143873e-07,5.4372291919186e-05,3.39826824494913e-06,1.01948047348474e-05,1.01948047348474e-05
"2020/10/13","LK",21323734,194,0,5038,13,1159.42028985507,0,217.391304347826,217.391304347826,0.000236262560769141,6.09649323143873e-07,5.4372291919186e-05,0,1.01948047348474e-05,1.01948047348474e-05
"2020/10/14","LK",21323734,132,0,5170,13,1376.8115942029,217.391304347826,434.782608695652,434.782608695652,0.00024245284620414,6.09649323143873e-07,6.45670966540334e-05,1.01948047348474e-05,2.03896094696948e-05,2.03896094696948e-05
"2020/10/15","LK",21323734,74,0,5244,13,1376.8115942029,0,434.782608695652,434.782608695652,0.000245923157735882,6.09649323143873e-07,6.45670966540334e-05,0,2.03896094696948e-05,2.03896094696948e-05
"2020/10/16","LK",21323734,110,0,5354,13,1376.8115942029,0,434.782608695652,434.782608695652,0.000251081728931715,6.09649323143873e-07,6.45670966540334e-05,0,2.03896094696948e-05,2.03896094696948e-05
"2020/10/17","LK",21323734,121,0,5475,13,1376.8115942029,0,434.782608695652,434.782608695652,0.000256756157247131,6.09649323143873e-07,6.45670966540334e-05,0,2.03896094696948e-05,2.03896094696948e-05
"2020/10/18","LK",21323734,63,0,5538,13,1449.27536231884,72.463768115942,507.246376811594,507.246376811594,0.00025971061165929,6.09649323143873e-07,6.79653648989825e-05,3.39826824494913e-06,2.37878777146439e-05,2.37878777146439e-05
"2020/10/19","LK",21323734,87,0,5625,13,1521.73913043478,72.4637681159422,579.710144927536,579.710144927536,0.000263790572514176,6.09649323143873e-07,7.13636331439317e-05,3.39826824494914e-06,2.7186145959593e-05,2.7186145959593e-05
"2020/10/20","LK",21323734,186,0,5811,13,1521.73913043478,0,579.710144927536,579.710144927536,0.000272513247445311,6.09649323143873e-07,7.13636331439317e-05,0,2.7186145959593e-05,2.7186145959593e-05
"2020/10/21","LK",21323734,167,0,5978,13,1666.66666666667,144.927536231884,652.173913043478,724.63768115942,0.000280344896442621,6.09649323143873e-07,7.81601696338299e-05,6.79653648989825e-06,3.05844142045421e-05,3.39826824494913e-05
"2020/10/22","LK",21323734,309,1,6287,14,1739.13043478261,72.463768115942,724.63768115942,797.101449275362,0.000294835791892733,6.56545424924171e-07,8.1558437878779e-05,3.39826824494913e-06,3.39826824494913e-05,3.73809506944404e-05
"2020/10/23","LK",21323734,866,0,7153,14,2101.44927536232,362.31884057971,1014.49275362319,1159.42028985507,0.000335447816034471,6.56545424924171e-07,9.85497791035247e-05,1.69913412247456e-05,4.75757554292878e-05,5.4372291919186e-05
"2020/10/24","LK",21323734,368,1,7521,15,2173.91304347826,72.463768115942,1014.49275362319,1231.88405797101,0.000352705581489621,7.03441526704469e-07,0.000101948047348474,3.39826824494913e-06,4.75757554292878e-05,5.77705601641352e-05
"2020/10/25","LK",21323734,351,1,7872,16,2463.76811594203,289.855072463768,1304.34782608696,1521.73913043478,0.000369166113214506,7.50337628484767e-07,0.00011554112032827,1.35930729797965e-05,6.11688284090843e-05,7.13636331439317e-05
"2020/10/26","LK",21323734,541,0,8413,16,2536.23188405797,72.463768115942,1159.42028985507,1594.20289855072,0.000394536904277647,7.50337628484767e-07,0.000118939388573219,3.39826824494913e-06,5.4372291919186e-05,7.47619013888808e-05
"2020/10/27","LK",21323734,457,3,8870,19,2608.69565217391,72.463768115942,1231.88405797101,1594.20289855072,0.000415968422791243,8.91025933825661e-07,0.000122337656818169,3.39826824494913e-06,5.77705601641352e-05,7.47619013888808e-05
"2020/10/28","LK",21323734,335,0,9205,19,2971.01449275362,362.31884057971,1594.20289855072,1956.52173913043,0.000431678616887643,8.91025933825661e-07,0.000139328998042914,1.69913412247456e-05,7.47619013888808e-05,9.17532426136264e-05
"2020/10/29","LK",21323734,586,0,9791,19,3333.33333333333,362.31884057971,1956.52173913043,2246.3768115942,0.000459159732530897,8.91025933825661e-07,0.00015632033926766,1.69913412247457e-05,9.17532426136264e-05,0.000105346315593423
"2020/10/30","LK",21323734,633,0,10424,19,3478.26086956522,144.927536231884,2028.98550724638,2318.84057971014,0.000488844964957826,8.91025933825661e-07,0.000163116875757558,6.79653648989825e-06,9.51515108585756e-05,0.000108744583838372
"2020/10/31","LK",21323734,239,1,10663,20,3840.57971014493,362.31884057971,2318.84057971014,2681.15942028986,0.000500053133283317,9.37922035605959e-07,0.000180108216982304,1.69913412247456e-05,0.000108744583838372,0.000125735925063118
"2020/11/01","LK",21323734,397,1,11060,21,3840.57971014493,0,2318.84057971014,2463.76811594203,0.000518670885690095,9.84818137386257e-07,0.000180108216982304,0,0.000108744583838372,0.00011554112032827
"2020/11/02","LK",21323734,275,0,11335,21,4202.89855072464,362.31884057971,2536.23188405797,2826.08695652174,0.000531567313679677,9.84818137386257e-07,0.000197099558207049,1.69913412247457e-05,0.000118939388573219,0.000132532461553016
"2020/11/03","LK",21323734,409,2,11744,23,4420.28985507246,217.391304347826,2681.15942028986,3043.47826086957,0.000550747819307819,1.07861034094685e-06,0.000207294362941897,1.01948047348474e-05,0.000125735925063118,0.000142727266287863
"2020/11/04","LK",21323734,443,1,12187,24,4782.60869565217,362.31884057971,2681.15942028986,3405.79710144928,0.000571522792396491,1.12550644272715e-06,0.000224285704166642,1.69913412247456e-05,0.000125735925063118,0.000159718607512609
"2020/11/05","LK",21323734,383,5,12570,29,5000,217.391304347826,2826.08695652174,3550.72463768116,0.000589483999378345,1.35998695162864e-06,0.00023448050890149,1.01948047348474e-05,0.000132532461553016,0.000166515144002507
"2020/11/06","LK",21323734,400,1,12970,30,5289.85507246377,289.855072463768,2826.08695652174,3768.11594202899,0.000608242440090464,1.40688305340894e-06,0.000248073581881286,1.35930729797965e-05,0.000132532461553016,0.000176709948737355
"2020/11/07","LK",21323734,449,4,13419,34,5362.31884057971,72.463768115942,2826.08695652174,3840.57971014493,0.000629298789789818,1.59446746053013e-06,0.000251471850126235,3.39826824494913e-06,0.000132532461553016,0.000180108216982304
"2020/11/08","LK",21323734,510,1,13929,35,6014.49275362319,652.173913043479,3405.79710144928,4347.82608695652,0.00065321580169777,1.64136356231043e-06,0.000282056264330778,3.05844142045422e-05,0.000159718607512609,0.000203896094696948
"2020/11/09","LK",21323734,356,1,14285,36,6304.34782608696,289.855072463768,3333.33333333333,4565.21739130435,0.000669910813931556,1.68825966409073e-06,0.000295649337310574,1.35930729797965e-05,0.00015632033926766,0.000214090899431795
"2020/11/10","LK",21323734,430,5,14715,41,6521.73913043478,217.391304347826,3188.40579710145,4420.28985507246,0.000690076137697084,1.92274017299222e-06,0.000305844142045421,1.01948047348474e-05,0.000149523802777762,0.000207294362941897
"2020/11/11","LK",21323734,635,5,15350,46,6811.59420289855,289.855072463768,3333.33333333333,4637.68115942029,0.000719855162327574,2.15722068189371e-06,0.000319437215025218,1.35930729797965e-05,0.00015632033926766,0.000217489167676744
"2020/11/12","LK",21323734,373,2,15723,48,6956.52173913043,144.927536231884,3115.94202898551,4492.75362318841,0.000737347408291625,2.2510128854543e-06,0.000326233751515116,6.79653648989825e-06,0.000146125534532812,0.000210692631186846
"2020/11/13","LK",21323734,468,5,16191,53,7173.91304347826,217.391304347826,3333.33333333333,4637.68115942029,0.000759294783924804,2.48549339435579e-06,0.000336428556249964,1.01948047348474e-05,0.00015632033926766,0.000217489167676744
"2020/11/14","LK",21323734,392,0,16583,53,7753.6231884058,579.710144927536,3550.72463768116,5144.92753623188,0.000777678055822681,2.48549339435579e-06,0.000363614702209557,2.7186145959593e-05,0.000166515144002507,0.000241277045391388
"2020/11/15","LK",21323734,704,5,17287,58,7898.55072463768,144.927536231884,3478.26086956522,4927.53623188406,0.000810692911476011,2.71997390325728e-06,0.000370411238699455,6.79653648989825e-06,0.000163116875757558,0.000231082240656541
"2020/11/16","LK",21323734,387,3,17674,61,8405.79710144928,507.246376811595,3623.1884057971,5072.46376811594,0.000828841702864986,2.86066220859818e-06,0.000394199116414099,2.37878777146439e-05,0.000169913412247456,0.000237878777146439
"2020/11/17","LK",21323734,401,5,18075,66,8550.72463768116,144.927536231884,3550.72463768116,5072.46376811594,0.000847647039678885,3.09514271749966e-06,0.000400995652903997,6.79653648989825e-06,0.000166515144002507,0.000237878777146439
"2020/11/18","LK",21323734,327,3,18402,69,8840.57971014493,289.855072463768,3550.72463768116,5000,0.000862982064961043,3.23583102284056e-06,0.000414588725883794,1.35930729797965e-05,0.000166515144002507,0.00023448050890149
"2020/11/19","LK",21323734,439,4,18841,73,8985.50724637681,144.927536231884,3623.1884057971,5144.92753623188,0.000883569453642594,3.42341542996175e-06,0.000421385262373692,6.79653648989825e-06,0.000169913412247456,0.000241277045391388
"2020/11/20","LK",21323734,439,1,19280,74,9347.82608695652,362.31884057971,3333.33333333333,5144.92753623188,0.000904156842324144,3.47031153174205e-06,0.000438376603598437,1.69913412247456e-05,0.00015632033926766,0.000241277045391388
"2020/11/21","LK",21323734,491,9,19771,83,9420.28985507246,72.463768115942,3115.94202898551,5000,0.000927182828298271,3.89237644776473e-06,0.000441774871843387,3.39826824494913e-06,0.000146125534532812,0.00023448050890149
"2020/11/22","LK",21323734,400,4,20171,87,9927.53623188406,507.246376811594,3405.79710144928,5144.92753623188,0.00094594126901039,4.07996085488592e-06,0.00046556274955803,2.37878777146439e-05,0.000159718607512609,0.000241277045391388
"2020/11/23","LK",21323734,337,3,20508,90,10144.9275362319,217.391304347826,3333.33333333333,5144.92753623188,0.00096174525531035,4.22064916022682e-06,0.000475757554292878,1.01948047348474e-05,0.00015632033926766,0.000241277045391388
"2020/11/24","LK",21323734,459,4,20967,94,10289.8550724638,144.927536231884,3333.33333333333,5000,0.000983270566027507,4.40823356734801e-06,0.000482554090782776,6.79653648989825e-06,0.00015632033926766,0.00023448050890149
"2020/11/25","LK",21323734,502,2,21469,96,10289.8550724638,0,3115.94202898551,4927.53623188406,0.00100681240912122,4.5020257709086e-06,0.000482554090782776,0,0.000146125534532812,0.000231082240656541
"2020/11/26","LK",21323734,559,3,22028,99,10434.7826086957,144.927536231884,2681.15942028986,4420.28985507246,0.0010330273300164,4.6427140762495e-06,0.000489350627272674,6.79653648989825e-06,0.000125735925063118,0.000207294362941897
"2020/11/27","LK",21323734,473,8,22501,107,10579.7101449275,144.927536231884,2681.15942028986,4275.36231884058,0.00105520918615848,5.01788289049188e-06,0.000496147163762573,6.79653648989825e-06,0.000125735925063118,0.000200497826451998
"2020/11/28","LK",21323734,487,2,22988,109,10652.1739130435,72.463768115942,2246.3768115942,4130.4347826087,0.00107804758772549,5.11167509405248e-06,0.000499545432007522,3.39826824494913e-06,0.000105346315593423,0.0001937012899621
"2020/11/29","LK",21323734,496,7,23484,116,10797.1014492754,144.927536231884,2246.3768115942,3985.50724637681,0.00110130805420852,5.43994780651456e-06,0.00050634196849742,6.79653648989825e-06,0.000105346315593423,0.000186904753472202
"2020/11/30","LK",21323734,503,2,23987,118,11014.4927536232,217.391304347826,2173.91304347826,4057.97101449275,0.00112489679340401,5.53374001007516e-06,0.000516536773232267,1.01948047348474e-05,0.000101948047348474,0.000190303021717151
"2020/12/01","LK",21323734,545,4,24532,122,11159.4202898551,144.927536231884,2173.91304347826,3985.50724637681,0.00115045516887427,5.72132441719635e-06,0.000523333309722166,6.79653648989825e-06,0.000101948047348474,0.000186904753472202
"2020/12/02","LK",21323734,878,2,25410,124,11159.4202898551,0,1811.59420289855,3405.79710144928,0.00119162994623737,5.81511662075695e-06,0.000523333309722166,0,8.49567061237282e-05,0.000159718607512609
"2020/12/03","LK",21323734,628,5,26038,129,11594.2028985507,434.782608695652,2173.91304347826,3695.65217391304,0.0012210806981554,6.04959712965844e-06,0.00054372291919186,2.03896094696948e-05,0.000101948047348474,0.000173311680492405
"2020/12/04","LK",21323734,521,1,26559,130,11594.2028985507,0,1666.66666666667,3188.40579710145,0.00124551356718293,6.09649323143873e-06,0.00054372291919186,0,7.81601696338299e-05,0.000149523802777762
"2020/12/05","LK",21323734,669,7,27228,137,11956.5217391304,362.318840579712,1811.59420289855,3405.79710144928,0.00127688705927395,6.42476594390082e-06,0.000560714260416606,1.69913412247457e-05,8.49567061237282e-05,0.000159718607512609
"2020/12/06","LK",21323734,649,3,27877,140,12391.3043478261,434.782608695652,2101.44927536232,3550.72463768116,0.00130732262932937,6.56545424924171e-06,0.000581103869886301,2.03896094696948e-05,9.85497791035247e-05,0.000166515144002507
"2020/12/07","LK",21323734,703,2,28580,142,12753.6231884058,362.31884057971,2463.76811594203,3768.11594202899,0.00134029058888092,6.65924645280231e-06,0.000598095211111046,1.69913412247456e-05,0.00011554112032827,0.000176709948737355
"2020/12/08","LK",21323734,798,0,29378,142,13115.9420289855,362.31884057971,2681.15942028986,3768.11594202899,0.00137771367810159,6.65924645280231e-06,0.000615086552335792,1.69913412247456e-05,0.000125735925063118,0.000176709948737355
"2020/12/09","LK",21323734,694,2,30072,144,13115.9420289855,0,2536.23188405797,3695.65217391304,0.00141025957273712,6.75303865636291e-06,0.000615086552335792,0,0.000118939388573219,0.000173311680492406
"2020/12/10","LK",21323734,541,2,30613,146,13656.9420289855,541,3004.76811594203,3729.40579710145,0.00143563036380026,6.8468308599235e-06,0.000640457343398933,2.53707910631412e-05,0.000140911911391412,0.000174894593840903
"2020/12/11","LK",21323734,762,1,31375,147,14418.9420289855,762,3621.84057971015,4274.01449275362,0.00147136519335685,6.8937269617038e-06,0.00067619217295552,3.5734829556587e-05,0.0001698502044581,0.000200434618662642
"2020/12/12","LK",21323734,760,2,32135,149,15178.9420289855,760,4164.44927536232,4889.08695652174,0.00150700623070987,6.98751916526439e-06,0.000711833210308547,3.56410373530264e-05,0.000195296437076279,0.000229279119525771
"2020/12/13","LK",21323734,655,3,32790,152,15833.9420289855,655,4674.52173913044,5544.08695652174,0.00153772317737597,7.12820747060529e-06,0.000742550156974642,3.07169466660952e-05,0.000219216847252476,0.000259996066191866
"2020/12/14","LK",21323734,688,2,33478,154,16521.9420289855,688,5362.52173913044,6087.15942028986,0.00156998769540081,7.22199967416588e-06,0.000774814674999487,3.2264518024845e-05,0.000251481365277321,0.000285464047726813
"2020/12/15","LK",21323734,643,0,34121,154,17164.9420289855,643,5570.73913043478,6585.23188405797,0.00160014188884555,7.22199967416588e-06,0.000804968868444218,3.01541934447316e-05,0.000261245949252358,0.000308821704681646
"2020/12/16","LK",21323734,616,6,34737,160,17780.9420289855,616,6186.73913043478,7128.76811594203,0.00162902988754221,7.50337628484767e-06,0.000833856867140882,2.88879986966635e-05,0.000290133947949022,0.00033431143513336
"2020/12/17","LK",21323734,650,0,35387,160,18430.9420289855,650,6474.42028985507,7633.84057971015,0.0016595123536994,7.50337628484767e-06,0.000864339333298076,3.04824661571937e-05,0.00030362507288147,0.000357997364800656
"2020/12/18","LK",21323734,662,5,36049,165,19092.9420289855,662,6701.63768115942,8078.44927536232,0.00169055757307796,7.73785679374916e-06,0.000895384552676633,3.10452193785572e-05,0.000314280682790332,0.000378847779444366
"2020/12/19","LK",21323734,618,6,36667,171,19710.9420289855,618,6957.31884057971,8551.52173913044,0.00171953936397819,8.01923340443095e-06,0.000924366343576857,2.89817909002241e-05,0.000326271132465811,0.000401033033854691
"2020/12/20","LK",21323734,594,5,37261,176,20304.9420289855,594,7189,9145.52173913044,0.00174739564843568,8.25371391333244e-06,0.000952222628034354,2.7856284457497e-05,0.000337136075698562,0.000428889318312188
"2020/12/21","LK",21323734,370,5,37631,181,20674.9420289855,370,7559,9080.73913043478,0.00176474720609439,8.48819442223393e-06,0.000969574185693064,1.73515576587102e-05,0.000354487633357272,0.000425851266501204
"2020/12/22","LK",21323734,0,0,37631,181,20674.9420289855,0,7018,9080.73913043478,0.00176474720609439,8.48819442223393e-06,0.000969574185693064,0,0.000329116842294131,0.000425851266501204
